150 2 2 1 1 2 2 8 3 0.4565817 40.90551 2 3 3 3 0.3819 -0.3759 2.0000 -0.3509 0.4050 2.0000
7 1 2 1 2 1 1 2 8 8.434088 24.84615 1 1 3 4 0.1042 0.1405 2.0000 1.2577 -0.4616 5.0000
40 3 3 1 2 1 1 6 5 9.308371 40.19679 2 3 3 1 -0.5441 -0.7574 2.0000 -1.7809 -1.5048 5.0000
75 2 1 2 1 1 2 7 2 28.388 44.64249 4 4 1 4 0.6370 -1.1786 5.0000 0.0011 0.1750 2.0000
101 3 1 1 3 1 2 8 8 35.31991 39.28863 1 4 1 4 0.9193 -0.1568 2.0000 0.6964 -0.0697 8.0000
85 2 2 2 2 1 2 1 6 14.41578 14.25546 1 2 3 3 1.2976 0.3335 5.0000 -0.6849 -1.1515 5.0000
80 2 1 3 3 1 2 2 5 33.5469 30.22186 3 3 1 4 0.4256 2.1009 8.0000 -0.6048 -0.3523 8.0000
130 1 1 2 3 2 2 8 3 15.06573 39.0797 1 2 3 2 0.3791 -0.2183 5.0000 -0.4412 0.5433 8.0000
57 1 2 2 1 1 2 3 7 12.15243 39.25212 1 2 1 1 -0.0921 0.4276 5.0000 0.3391 -0.4150 2.0000
152 2 2 1 3 2 2 6 2 29.81167 15.30921 1 2 3 4 -0.1404 -0.5172 2.0000 1.0618 1.8622 8.0000
47 1 1 1 3 1 2 2 4 4.237461 6.878348 1 3 4 4 0.1142 0.1325 2.0000 -0.5506 0.4321 8.0000
164 2 3 3 3 2 2 8 4 38.02463 39.05364 2 1 4 4 2.1277 -0.2603 8.0000 -3.7104 0.3865 8.0000
116 3 2 3 3 1 2 4 8 31.02326 27.19064 3 3 4 1 -3.6200 0.9010 8.0000 2.0409 -0.6556 8.0000
162 2 3 3 1 2 2 8 3 9.906658 2.519914 1 4 2 2 1.7539 -1.2324 8.0000 -0.0410 0.9317 2.0000
107 3 1 3 3 1 2 7 6 31.27847 17.06565 2 3 4 2 1.9368 -3.1883 8.0000 -0.3279 -0.6184 8.0000
161 2 3 2 3 2 2 4 2 33.39925 24.23032 4 2 1 2 -1.3124 0.2694 5.0000 1.3229 3.4880 8.0000
14 1 2 3 3 1 1 2 3 4.704552 21.12349 2 4 4 4 0.4527 0.5338 8.0000 -0.7725 1.9996 8.0000
144 1 3 2 1 2 2 4 2 20.43686 29.13438 1 1 1 2 -0.3979 0.1818 5.0000 0.2550 0.8971 2.0000
145 1 3 2 2 2 2 6 4 39.41048 32.43784 3 4 3 4 -0.0426 -0.4354 5.0000 -2.2757 0.5071 5.0000
27 2 2 2 2 1 1 4 3 32.67398 28.7758 2 2 3 3 -1.3089 0.2860 5.0000 -0.6449 1.1743 5.0000
64 1 3 1 2 1 2 1 6 35.93154 9.821236 3 4 2 3 0.1417 0.1027 2.0000 -1.3433 -1.9057 5.0000
157 2 3 1 2 2 2 6 3 0.09746611 12.52592 4 1 4 4 -0.3783 -0.3796 2.0000 -0.5057 2.2760 5.0000
126 1 1 1 1 2 2 4 1 18.91875 13.37295 3 4 1 4 -0.1572 0.0769 2.0000 0.1702 0.0405 2.0000
74 2 1 1 3 1 2 2 6 32.8028 0.1094502 4 4 2 2 0.1132 0.5238 2.0000 -0.4940 -0.4959 8.0000
154 2 2 2 3 2 2 1 4 35.48005 2.242112 2 1 3 2 1.0910 0.7776 5.0000 -1.5739 1.4553 8.0000
124 3 3 3 2 1 2 6 5 44.54512 29.01807 1 2 4 3 -0.0296 -3.7303 8.0000 -2.0389 -1.1310 5.0000
65 1 3 1 3 1 2 6 5 4.407916 12.51176 4 4 1 3 -0.1139 -0.1329 2.0000 -3.6419 -0.8082 8.0000
110 3 2 1 3 1 2 3 3 17.07235 38.57718 3 2 1 3 -0.2738 0.8915 2.0000 -1.3367 1.6758 8.0000
82 2 2 1 2 1 2 8 2 23.30757 29.14769 2 3 3 3 0.4979 -0.1981 2.0000 0.3660 1.2888 5.0000
102 3 1 2 1 1 2 4 1 33.68667 27.50511 3 3 1 3 -2.2862 0.4574 5.0000 0.1552 0.0808 2.0000
108 3 2 1 1 1 2 7 6 37.18706 27.63714 2 1 3 1 0.5637 -0.7430 2.0000 -0.1599 -0.5115 2.0000
70 1 3 3 2 1 2 3 4 39.95752 38.44349 4 3 1 3 -0.4495 0.5365 8.0000 -2.3163 0.2662 5.0000
1 1 1 1 2 1 1 1 7 15.90182 44.17959 1 3 2 4 0.1683 0.0479 2.0000 0.3049 -0.3137 5.0000
51 1 1 3 1 1 2 7 2 17.265 0.2702969 3 3 2 2 0.2077 -0.6684 8.0000 0.1231 0.1243 2.0000
113 3 2 2 3 1 2 2 5 36.37416 5.948544 1 2 2 1 0.3497 2.3052 5.0000 -2.1321 -0.2222 8.0000
23 1 3 3 3 1 1 7 8 16.95294 32.57841 4 1 4 1 0.2041 -0.6695 8.0000 3.6431 -0.8024 8.0000
123 3 3 3 1 1 2 1 7 12.7944 44.14407 3 1 2 3 3.6378 0.8261 8.0000 0.6495 -0.6692 2.0000
67 1 3 2 2 1 2 3 2 40.48477 6.491794 4 2 3 4 -0.2840 0.3327 5.0000 1.4517 1.8245 5.0000
89 2 2 3 3 1 2 2 5 23.21136 10.92156 2 4 4 1 0.7957 1.9905 8.0000 -2.1048 -0.4061 8.0000
37 2 3 3 2 1 1 6 1 5.357771 6.720521 4 3 2 3 -1.3676 -1.6507 8.0000 2.3155 0.2729 5.0000
55 1 2 1 2 1 2 1 3 8.671072 6.55195 4 2 1 1 0.1730 0.0264 2.0000 -0.1529 1.3310 5.0000
147 1 3 3 1 2 2 5 6 22.31997 19.05197 3 2 3 4 -0.6475 -0.2658 8.0000 -0.4081 -0.8386 2.0000
103 3 1 2 2 1 2 4 3 39.35992 39.18526 4 1 1 2 -2.3203 0.2291 5.0000 -0.2764 0.3391 5.0000
153 2 2 2 2 2 2 1 3 40.24779 17.55256 4 4 1 2 1.0226 0.8656 5.0000 -0.4040 1.2774 5.0000
58 1 2 2 2 1 2 3 7 36.93335 37.86485 2 2 2 4 -0.2629 0.3497 5.0000 0.8223 -1.0577 5.0000
90 2 3 1 1 1 2 7 1 4.269503 11.23732 1 4 3 1 0.0399 -0.5344 2.0000 0.9147 0.1817 2.0000
114 3 2 3 1 1 2 5 7 38.01787 6.177862 1 3 2 4 -2.9389 -2.2976 8.0000 0.0577 -0.5328 2.0000
139 1 2 3 2 2 2 1 8 44.72875 37.10826 1 3 3 4 0.4972 0.4926 8.0000 1.3271 -0.1839 5.0000
133 1 2 1 2 2 2 7 4 36.71004 29.41201 2 4 4 2 0.1046 -0.1403 2.0000 -1.2905 0.3600 5.0000
120 3 3 2 1 1 2 7 3 17.76344 35.49459 4 4 3 4 0.7113 -2.2204 5.0000 -0.5415 0.7593 2.0000
48 1 1 2 1 1 2 4 2 28.09984 17.08121 3 1 4 2 -0.4186 0.1272 5.0000 0.0819 0.1546 2.0000
35 2 3 2 3 1 1 2 8 15.78268 11.45127 4 3 2 2 0.6540 1.1693 5.0000 3.1090 -2.0616 8.0000
46 1 1 1 2 1 2 8 4 2.614365 37.24558 1 4 3 3 0.1292 -0.1180 2.0000 -0.4334 0.0590 5.0000
134 1 2 1 3 2 2 4 6 16.2525 41.82959 3 1 3 4 -0.1534 0.0842 2.0000 -0.1186 -2.1403 8.0000
91 2 3 1 2 1 2 3 5 1.259721 26.44896 2 4 3 3 -0.0118 0.5358 2.0000 -2.0875 -1.0385 5.0000
167 3 3 1 3 2 2 7 6 40.39251 3.722858 4 4 1 4 0.6044 -0.7103 2.0000 -2.4610 -2.8035 8.0000
94 2 3 2 2 1 2 6 2 41.86441 40.40847 2 2 4 2 -0.0733 -1.3377 5.0000 0.1866 2.3241 5.0000
21 1 3 3 1 1 1 5 3 16.70063 4.452848 1 2 3 4 -0.6704 -0.2011 8.0000 -0.0724 0.9298 2.0000
49 1 1 2 2 1 2 6 8 5.469893 42.2344 4 4 4 3 -0.2784 -0.3374 5.0000 0.4369 -0.0211 5.0000
159 2 3 2 1 2 2 6 2 10.27568 42.53425 2 3 3 3 -0.7632 -1.1011 5.0000 0.0401 0.9318 2.0000
83 2 2 1 3 1 2 6 8 20.18283 31.11581 4 4 3 2 -0.2249 -0.4864 2.0000 2.0810 -0.5144 8.0000
156 2 3 1 1 2 2 4 2 1.49848 6.058032 2 3 4 2 -0.3887 0.3689 2.0000 0.5862 0.7254 2.0000
29 2 2 3 3 1 1 1 6 1.287573 43.18015 4 1 4 4 2.1431 0.0482 8.0000 -0.0681 -2.1425 8.0000
41 3 3 1 3 1 1 6 2 27.60112 24.93323 4 2 4 3 -0.2789 -0.8899 2.0000 1.2800 3.5040 8.0000
99 3 1 1 1 1 2 6 2 28.28417 4.546543 3 2 4 1 -0.2682 -0.8932 2.0000 0.1135 0.1331 2.0000
166 3 3 1 2 2 2 3 5 29.44276 14.15684 4 2 4 3 -0.4584 0.8122 2.0000 -2.2607 -0.5702 5.0000
92 2 3 1 3 1 2 4 2 31.62292 0.7385463 1 1 3 1 -0.5214 0.1240 2.0000 2.6036 2.6716 8.0000
121 3 3 2 2 1 2 8 7 18.31758 29.26227 3 2 3 3 2.0833 -1.0470 5.0000 1.1397 -2.0340 5.0000
105 3 1 3 1 1 2 8 5 7.649832 3.387909 1 3 2 3 2.9655 -2.2632 8.0000 -0.1747 -0.0103 2.0000
100 3 1 1 2 1 2 5 1 15.75657 9.175006 3 1 1 1 -0.8976 -0.2533 2.0000 0.4318 0.0698 5.0000
20 1 3 2 3 1 1 3 5 41.12174 31.22272 1 1 2 3 -0.2877 0.3295 5.0000 -3.1901 -1.9337 8.0000
106 3 1 3 2 1 2 2 7 33.72433 42.67433 3 4 4 1 0.7294 3.6585 8.0000 0.2965 -0.3216 5.0000
115 3 2 3 2 1 2 5 8 16.27613 34.79151 4 2 1 1 -3.5810 -1.0455 8.0000 1.3185 -0.2374 5.0000
53 1 1 3 3 1 2 3 7 38.47748 12.21476 1 2 4 3 -0.4355 0.5479 8.0000 0.1481 -0.6841 8.0000
11 1 2 2 3 1 1 8 3 32.8943 21.92172 1 4 3 3 0.4277 -0.0917 5.0000 -0.8003 1.9886 8.0000
44 3 3 3 3 1 1 1 8 37.06533 33.2536 1 2 3 4 2.9767 2.2484 8.0000 3.6523 -0.7594 8.0000
117 3 3 1 1 1 2 8 2 0.1071167 43.72093 1 2 3 4 0.6607 -0.6582 2.0000 0.0208 0.9324 2.0000
155 2 2 3 3 2 2 2 1 18.82851 23.05417 2 1 3 3 0.9455 1.9238 8.0000 1.9724 0.8394 8.0000
31 2 3 1 2 1 1 1 4 24.40227 39.61017 4 4 1 4 0.4880 0.2214 2.0000 -2.3212 0.2190 5.0000
22 1 3 3 2 1 1 6 2 4.577098 3.351672 2 2 2 1 -0.4538 -0.5328 8.0000 1.5494 1.7422 5.0000
66 1 3 2 1 1 2 5 2 28.50514 29.39898 3 2 3 4 -0.3844 -0.2088 5.0000 0.2508 0.8983 2.0000
128 1 1 1 3 2 2 5 2 14.81448 10.08736 2 2 4 2 -0.1692 -0.0447 2.0000 0.4006 0.5739 8.0000
160 2 3 2 2 2 2 6 2 18.46272 22.26975 4 1 1 1 -0.5986 -1.1986 5.0000 0.9009 2.1505 5.0000
43 3 3 2 3 1 1 3 5 27.88534 18.32844 4 4 4 3 -1.0905 2.0608 5.0000 -3.5412 -1.1731 8.0000
77 2 1 2 3 1 2 1 8 5.337108 12.49298 1 2 2 1 1.3339 0.1246 5.0000 0.5903 -0.3761 8.0000
72 2 1 1 1 1 2 2 4 28.49845 32.10122 1 2 3 4 0.1522 0.5138 2.0000 -0.1706 0.0391 2.0000
0 1 1 1 1 1 1 7 1 23.29898 17.58399 1 1 1 4 0.0692 -0.1607 2.0000 0.1668 0.0529 2.0000
88 2 2 3 2 1 2 7 5 23.89824 9.130824 4 3 4 1 0.8684 -1.9598 8.0000 -1.3228 -0.2126 5.0000
84 2 2 2 1 1 2 5 8 38.83187 9.501543 1 4 3 4 -1.0436 -0.8401 5.0000 0.4363 -0.3112 2.0000
10 1 2 2 2 1 1 6 5 4.793322 3.141264 1 3 1 4 -0.2824 -0.3341 5.0000 -1.3377 -0.0734 5.0000
2 1 1 1 3 1 1 2 6 37.75857 37.33202 2 4 4 2 0.0221 0.1736 2.0000 -0.0934 -0.6937 8.0000
9 1 2 2 1 1 1 5 5 36.12866 25.15927 3 1 4 4 -0.3533 -0.2579 5.0000 -0.4851 -0.2278 2.0000
18 1 3 2 1 1 1 7 5 18.57196 44.75675 2 2 2 1 0.1393 -0.4147 5.0000 -0.6623 -0.6567 2.0000
32 2 3 1 3 1 1 4 7 25.46276 12.03683 4 2 1 1 -0.5050 0.1792 2.0000 0.7780 -3.6484 8.0000
170 3 3 3 3 2 2 1 4 29.72035 39.51991 1 3 2 2 3.2397 1.8494 8.0000 -3.7134 0.3563 8.0000
34 2 3 2 2 1 1 1 4 13.20014 16.23364 4 1 1 1 1.3043 0.3059 5.0000 -2.0438 1.1220 5.0000
129 1 1 2 2 2 2 8 5 0.5615312 0.08647978 3 3 3 3 0.3123 -0.3063 5.0000 -0.4374 -0.0007 5.0000
63 1 3 1 1 1 2 6 4 26.41079 31.29338 4 1 3 2 -0.0558 -0.1658 2.0000 -0.9061 0.2210 2.0000
136 1 2 2 2 2 2 1 2 31.83141 31.7163 2 2 4 2 0.3717 0.2307 5.0000 0.3078 1.3039 5.0000
19 1 3 2 2 1 1 4 5 24.85892 25.13012 4 2 2 2 -0.4107 0.1506 5.0000 -2.1108 -0.9901 5.0000
30 2 3 1 1 1 1 5 2 25.12232 38.56216 3 4 1 2 -0.4852 -0.2275 2.0000 0.1046 0.9267 2.0000
62 1 2 3 3 1 2 8 1 42.71193 35.47196 3 1 2 1 0.6994 -0.0279 8.0000 1.7457 1.2439 8.0000
81 2 2 1 1 1 2 2 3 37.40104 30.60248 3 2 1 4 0.0709 0.5312 2.0000 -0.2728 0.4613 2.0000
96 2 3 3 1 1 2 4 1 26.79677 24.80264 1 4 1 2 -2.0363 0.6696 8.0000 0.8466 0.3912 2.0000
36 2 3 3 1 1 1 3 6 17.19892 36.79457 4 1 2 1 -0.6338 2.0477 8.0000 -0.1331 -0.9231 2.0000
127 1 1 1 2 2 2 7 2 7.845327 2.663053 4 2 2 3 0.0239 -0.1733 2.0000 0.2946 0.3234 5.0000
87 2 2 3 1 1 2 1 6 15.42137 10.90726 4 4 1 4 2.0664 0.5700 8.0000 -0.3004 -0.4438 2.0000
33 2 3 2 1 1 1 3 3 30.07976 0.09287417 1 1 3 2 -0.6715 1.1593 5.0000 -0.0015 0.9326 2.0000
71 1 3 3 3 1 2 2 6 15.73752 36.95133 4 1 2 2 0.3421 0.6106 8.0000 -0.5223 -3.6937 8.0000
15 1 3 1 1 1 1 2 4 35.46869 2.245798 2 1 3 1 0.0290 0.1726 2.0000 -0.6848 0.6331 2.0000
142 1 3 1 2 2 2 4 4 11.47956 30.33393 1 3 2 1 -0.1459 0.0966 2.0000 -2.2556 0.5903 5.0000
140 1 2 3 3 2 2 6 2 31.15456 32.01749 2 1 4 4 -0.1675 -0.6796 8.0000 0.4816 2.0888 8.0000
86 2 2 2 3 1 2 5 2 42.03284 17.43698 1 2 1 4 -0.9951 -0.8970 5.0000 0.9919 1.9003 8.0000
52 1 1 3 2 1 2 8 2 9.299203 30.32819 2 2 2 3 0.5684 -0.4084 8.0000 0.1108 0.4232 5.0000
8 1 2 1 3 1 1 8 5 37.0866 22.73652 3 2 3 2 0.1733 -0.0241 2.0000 -1.9770 -0.8285 8.0000
60 1 2 3 1 1 2 1 6 27.5298 28.65574 2 1 4 2 0.6207 0.3235 8.0000 -0.1508 -0.5142 2.0000
56 1 2 1 3 1 2 2 7 5.462893 9.635713 4 3 2 2 0.1114 0.1349 2.0000 0.3588 -2.1134 8.0000
148 1 3 3 2 2 2 1 6 26.28973 38.89377 2 2 3 4 0.6275 0.3100 8.0000 -0.2480 -2.3183 5.0000
169 3 3 2 3 2 2 6 1 13.50527 30.11902 4 2 2 3 -1.2180 -1.9881 5.0000 3.2268 1.8719 8.0000
118 3 3 1 2 1 2 1 8 12.99808 30.81287 4 1 4 1 0.9087 0.2098 2.0000 2.2604 -0.5714 5.0000
93 2 3 2 1 1 2 8 5 12.4651 33.34105 1 3 3 2 1.1295 -0.7205 5.0000 -0.7791 -0.5126 2.0000
132 1 2 1 1 2 2 3 2 21.44658 1.300839 4 2 4 4 -0.0640 0.1629 2.0000 0.3702 0.3874 2.0000
61 1 2 3 2 1 2 6 1 37.79173 29.90449 1 2 4 4 -0.0878 -0.6944 8.0000 1.1614 0.6679 5.0000
59 1 2 2 3 1 2 7 3 36.63531 2.315106 2 1 4 1 0.2610 -0.3510 5.0000 -0.0866 2.1418 8.0000
111 3 2 2 1 1 2 3 5 1.282836 35.30654 3 2 2 1 -0.0522 2.3310 5.0000 -0.4373 -0.3097 2.0000
149 1 3 3 3 2 2 4 7 14.61451 27.66962 2 3 2 1 -0.6038 0.3540 8.0000 1.7323 -3.3038 8.0000
122 3 3 2 3 1 2 4 2 24.90458 4.464397 2 1 3 4 -2.1896 0.8011 5.0000 2.4245 2.8352 8.0000
119 3 3 1 3 1 2 6 8 24.54002 32.07001 1 4 4 3 -0.3260 -0.8738 2.0000 3.6359 -0.8347 8.0000
24 2 2 1 1 1 1 6 4 39.64692 9.877063 2 4 3 2 -0.0500 -0.5336 2.0000 -0.4383 0.3083 2.0000
95 2 3 2 3 1 2 3 5 13.46232 8.604645 3 4 2 4 -0.3119 1.3029 5.0000 -3.6885 -0.5581 8.0000
131 1 1 3 3 2 2 5 1 27.30712 38.66974 3 3 3 4 -0.6219 -0.3211 8.0000 0.5465 0.4373 8.0000
28 2 2 2 3 1 1 1 4 40.96292 13.4464 2 3 1 3 1.0117 0.8783 5.0000 -1.8267 1.1217 8.0000
143 1 3 1 3 2 2 7 6 30.0863 7.313606 4 4 3 4 0.0877 -0.1514 2.0000 -2.2806 -2.9522 8.0000
135 1 2 2 1 2 2 4 7 14.43343 34.99416 3 1 4 4 -0.3767 0.2225 5.0000 0.3073 -0.4390 2.0000
125 3 3 3 3 1 2 3 6 17.01924 4.510805 3 3 2 1 -1.0919 3.5671 8.0000 -2.4222 -2.8371 8.0000
138 1 2 3 1 2 2 7 1 17.6351 14.60446 4 1 3 1 0.2120 -0.6670 8.0000 0.5186 0.1351 2.0000
25 2 2 1 2 1 1 8 2 31.10214 37.41304 3 2 3 3 0.5202 -0.1287 2.0000 0.1769 1.3280 5.0000
4 1 1 2 3 1 1 2 6 23.94806 43.97921 3 4 4 1 0.1571 0.4082 5.0000 -0.0125 -0.6998 8.0000
137 1 2 2 3 2 2 1 1 5.568743 21.48417 4 4 2 4 0.4354 0.0424 5.0000 1.9947 0.7851 8.0000
50 1 1 2 3 1 2 6 2 3.243494 33.7352 1 3 2 1 -0.2913 -0.3263 5.0000 0.1367 0.6864 8.0000
158 2 3 1 3 2 2 7 7 34.77694 42.69947 2 1 1 3 0.3057 -0.4402 2.0000 2.5298 -2.7416 8.0000
26 2 2 1 3 1 1 3 2 33.35977 26.94732 2 4 1 1 -0.2947 0.4476 2.0000 0.6643 2.0381 8.0000
73 2 1 1 2 1 2 8 2 24.72972 22.77704 2 4 2 1 0.5027 -0.1857 2.0000 0.1654 0.4049 5.0000
12 1 2 3 1 1 1 4 2 5.198352 10.18935 4 2 2 3 -0.5377 0.4480 8.0000 0.3059 0.4400 2.0000
146 1 3 2 3 2 2 4 6 40.38763 26.32493 4 1 2 1 -0.4360 0.0352 5.0000 -1.1945 -3.5341 8.0000
79 2 1 3 2 1 2 1 8 40.74819 20.35106 3 2 2 4 1.6240 1.3992 8.0000 0.3976 -0.1824 5.0000
76 2 1 2 2 1 2 3 7 31.99267 4.809351 2 2 3 3 -0.7098 1.1363 5.0000 0.0367 -0.4359 5.0000
13 1 2 3 2 1 1 1 2 20.5659 16.97061 4 2 2 3 0.6553 0.2459 8.0000 0.6296 1.1826 5.0000
16 1 3 1 2 1 1 8 5 24.99796 29.70311 1 3 4 4 0.1644 -0.0599 2.0000 -2.0252 -1.1553 5.0000
69 1 3 3 1 1 2 7 6 7.818436 5.772269 4 1 3 3 0.0952 -0.6934 8.0000 -0.5898 -0.7224 2.0000
78 2 1 3 1 1 2 2 5 40.01308 14.16498 3 4 2 2 0.1863 2.1355 8.0000 -0.1697 -0.0428 2.0000
168 3 3 2 2 2 2 5 7 39.60152 1.955615 1 4 4 2 -1.7964 -1.4862 5.0000 0.0796 -2.3302 5.0000
165 3 3 1 1 2 2 2 5 23.56832 33.27779 4 2 4 1 0.3408 0.8681 2.0000 -0.7797 -0.5117 2.0000
97 2 3 3 2 1 2 1 6 1.638513 18.9817 3 2 3 4 2.1427 0.0613 8.0000 -1.0227 -2.0952 5.0000
39 3 3 1 1 1 1 5 8 7.67247 39.42456 2 4 2 4 -0.9243 -0.1245 2.0000 0.9282 -0.0906 2.0000
68 1 3 2 3 1 2 8 3 21.70237 4.773678 2 4 1 4 0.4018 -0.1730 5.0000 -0.3104 3.7175 8.0000
3 1 1 2 2 1 1 6 3 41.60212 20.87076 4 1 2 4 -0.0259 -0.4367 5.0000 -0.1558 0.4087 5.0000
54 1 2 1 1 1 2 4 5 5.066167 32.12612 2 1 3 1 -0.1342 0.1123 2.0000 -0.4538 -0.2850 2.0000
98 2 3 3 3 1 2 1 1 1.149407 1.491115 2 2 1 3 2.1432 0.0430 8.0000 3.7292 0.0971 8.0000
151 2 2 1 2 2 2 5 2 20.2707 33.90681 4 4 1 2 -0.5027 -0.1857 2.0000 0.2578 1.3147 5.0000
45 1 1 1 1 1 2 2 6 26.48894 40.54567 4 2 3 2 0.0556 0.1659 2.0000 -0.0136 -0.1744 2.0000
112 3 2 2 2 1 2 2 4 4.372355 38.48043 3 4 4 4 1.5182 1.7695 5.0000 -1.3311 0.1521 5.0000
17 1 3 1 3 1 1 8 5 7.56686 26.98333 4 1 2 2 0.1389 -0.1064 2.0000 -3.3244 -1.6926 8.0000
163 2 3 3 2 2 2 5 2 22.26599 38.52526 1 1 1 1 -1.9838 -0.8122 8.0000 0.2629 2.3167 5.0000
109 3 2 1 2 1 2 3 7 8.331119 0.4712427 1 1 3 1 -0.1351 0.9228 2.0000 0.0110 -1.3397 5.0000
5 1 1 3 3 1 1 4 6 39.89408 23.40295 1 2 3 1 -0.6971 0.0623 8.0000 -0.2576 -0.6508 8.0000
141 1 3 1 1 2 2 1 5 40.47717 16.74489 4 1 4 2 0.1331 0.1136 2.0000 -0.8931 -0.2687 2.0000
42 3 3 2 2 1 1 4 6 35.26926 7.559629 3 1 2 3 -2.2980 0.3941 5.0000 -1.4174 -1.8512 5.0000
6 1 2 1 1 1 1 6 1 0.7437229 22.27838 2 3 2 2 -0.1221 -0.1253 2.0000 0.4959 0.2032 2.0000
38 2 3 3 3 1 1 7 6 25.98609 40.15956 3 1 3 3 0.9392 -1.9269 8.0000 -0.3148 -3.7172 8.0000
104 3 1 2 3 1 2 8 2 44.63647 6.715119 3 2 2 4 2.3315 -0.0148 5.0000 0.4336 0.5494 8.0000
