105 3 1 3 1 1 2 1 7 7.805604 44.02365 4 2 2 2 3.6959 0.5066 8.0000 0.1216 -0.1258 2.0000
19 1 3 2 2 1 1 4 3 19.12425 40.37979 4 4 2 1 -0.3936 0.1909 5.0000 -1.5105 1.7761 5.0000
133 1 2 1 2 2 2 8 4 12.6784 16.07085 3 1 3 3 0.1479 -0.0936 2.0000 -1.1726 0.6481 5.0000
21 1 3 3 1 1 1 5 1 12.42637 8.134115 4 4 3 4 -0.6835 -0.1506 8.0000 0.9232 0.1320 2.0000
4 1 1 2 3 1 1 4 2 8.995764 16.01454 4 4 4 2 -0.3539 0.2571 5.0000 0.3392 0.6122 8.0000
31 2 3 1 2 1 1 6 6 23.54416 17.80323 3 2 4 4 -0.1960 -0.4988 2.0000 -1.0656 -2.0738 5.0000
12 1 2 3 1 1 1 5 1 0.4000515 11.36 4 1 2 1 -0.6999 -0.0049 8.0000 0.5254 0.1056 2.0000
119 3 3 1 3 1 2 5 1 44.92357 43.33636 2 4 1 3 -0.6603 -0.6586 2.0000 2.7133 2.5601 8.0000
89 2 2 3 3 1 2 7 1 32.30986 24.20442 2 2 2 1 1.1457 -1.8117 8.0000 1.9551 0.8789 8.0000
88 2 2 3 2 1 2 5 2 36.25476 24.52567 1 4 4 4 -1.7286 -1.2677 8.0000 0.4686 1.2551 5.0000
0 1 1 1 1 1 1 8 6 32.7515 31.65538 2 3 1 4 0.1710 -0.0371 2.0000 -0.0404 -0.1703 2.0000
169 3 3 2 3 2 2 1 2 24.27824 3.704377 2 4 3 2 2.1253 0.9587 5.0000 2.4619 2.8028 8.0000
124 3 3 3 2 1 2 4 2 9.242431 38.79851 4 1 2 1 -3.0273 2.1799 8.0000 0.2519 2.3179 5.0000
69 1 3 3 1 1 2 3 6 12.41419 34.14468 1 2 3 2 -0.1505 0.6835 8.0000 -0.1756 -0.9159 2.0000
10 1 2 2 2 1 1 6 6 40.83401 6.494884 2 4 3 3 -0.0318 -0.4363 5.0000 -0.8341 -1.0484 5.0000
62 1 2 3 3 1 2 2 6 12.11503 21.80414 3 4 1 4 0.3800 0.5878 8.0000 -0.8443 -1.9703 8.0000
86 2 2 2 3 1 2 4 8 0.3326797 19.48641 4 2 1 4 -0.9528 0.9418 5.0000 1.9346 -0.9233 8.0000
15 1 3 1 1 1 1 4 1 29.36355 17.40559 1 1 4 3 -0.1685 0.0472 2.0000 0.8899 0.2790 2.0000
101 3 1 1 3 1 2 8 8 11.28494 43.78349 3 4 4 1 0.7758 -0.5177 2.0000 0.6998 -0.0149 8.0000
80 2 1 3 3 1 2 4 8 8.961834 22.11863 3 4 2 2 -1.7334 1.2611 8.0000 0.6448 -0.2721 8.0000
137 1 2 2 3 2 2 2 5 39.03536 7.484039 3 1 4 2 0.0455 0.4351 5.0000 -2.1253 -0.2792 8.0000
108 3 2 1 1 1 2 3 5 3.247243 22.0237 2 3 3 3 -0.0528 0.9311 2.0000 -0.4968 -0.2010 2.0000
113 3 2 2 3 1 2 7 6 8.579877 32.17281 2 4 3 1 0.3478 -2.3054 5.0000 -0.4759 -2.0901 8.0000
120 3 3 2 1 1 2 6 2 2.791477 24.1392 1 4 4 3 -1.5664 -1.7270 5.0000 0.3321 0.8715 2.0000
96 2 3 3 1 1 2 8 7 5.757598 43.93699 4 3 3 2 1.6602 -1.3560 8.0000 0.6471 -0.6716 2.0000
141 1 3 1 1 2 2 7 4 10.17403 5.508276 4 2 4 2 0.0309 -0.1722 2.0000 -0.7197 0.5931 2.0000
75 2 1 2 1 1 2 4 5 9.916841 11.48585 1 1 4 1 -1.0963 0.7700 5.0000 -0.1715 -0.0348 2.0000
145 1 3 2 2 2 2 6 8 20.22338 0.885188 1 4 1 3 -0.1833 -0.3972 5.0000 1.6739 -1.6230 5.0000
44 3 3 3 3 1 1 6 2 38.40556 27.57055 2 2 3 2 -0.4284 -3.7058 8.0000 1.1174 3.5592 8.0000
16 1 3 1 2 1 1 1 5 14.4078 5.001129 1 2 1 1 0.1695 0.0435 2.0000 -2.3227 -0.2033 5.0000
117 3 3 1 1 1 2 2 1 31.11581 11.65278 3 4 1 4 0.2238 0.9054 2.0000 0.9134 0.1884 2.0000
146 1 3 2 3 2 2 7 3 36.60009 34.86384 1 4 2 1 0.2608 -0.3512 5.0000 -2.1324 3.0609 8.0000
67 1 3 2 2 1 2 6 2 31.36988 0.8291084 2 4 4 3 -0.1031 -0.4251 5.0000 1.6246 1.6723 5.0000
26 2 2 1 3 1 1 3 3 31.37174 2.285585 1 2 3 2 -0.2790 0.4576 2.0000 -0.0855 2.1419 8.0000
95 2 3 2 3 1 2 4 7 1.32875 41.08393 2 1 2 4 -0.9691 0.9251 5.0000 2.4515 -2.8118 8.0000
163 2 3 3 2 2 2 6 8 26.81346 42.34976 4 2 4 4 -0.6690 -2.0365 8.0000 2.3290 -0.1078 5.0000
60 1 2 3 1 1 2 4 7 20.73156 39.45016 4 4 4 4 -0.6381 0.2877 8.0000 0.3405 -0.4138 2.0000
39 3 3 1 1 1 1 6 4 36.20512 31.65051 2 4 1 4 -0.1426 -0.9216 2.0000 -0.9074 0.2153 2.0000
148 1 3 3 2 2 2 8 6 36.5849 30.18007 1 1 2 3 0.6924 -0.1024 8.0000 -0.5964 -2.2540 5.0000
83 2 2 1 3 1 2 4 3 7.761707 19.31972 3 4 3 3 -0.4266 0.3243 2.0000 -0.7092 2.0229 8.0000
64 1 3 1 2 1 2 2 2 29.55917 9.989013 4 4 4 3 0.0466 0.1687 2.0000 1.3377 1.9096 5.0000
9 1 2 2 1 1 1 7 3 38.64449 6.044578 2 2 4 3 0.2732 -0.3417 5.0000 -0.0564 0.5329 2.0000
91 2 3 1 2 1 2 8 5 1.583828 39.62936 4 1 3 1 0.3893 -0.3683 2.0000 -1.7957 -1.4871 5.0000
17 1 3 1 3 1 1 5 6 44.33951 24.08583 1 1 4 3 -0.1251 -0.1223 2.0000 -1.3317 -3.4847 8.0000
121 3 3 2 2 1 2 4 2 17.09462 32.36854 4 4 4 2 -2.0604 1.0912 5.0000 0.5099 2.2751 5.0000
151 2 2 1 2 2 2 4 2 42.78533 19.94787 1 1 4 1 -0.5355 0.0207 2.0000 0.5673 1.2137 5.0000
74 2 1 1 3 1 2 5 8 3.722525 22.88599 1 4 2 2 -0.5348 -0.0348 2.0000 0.6484 -0.2635 8.0000
134 1 2 1 3 2 2 4 4 15.20262 10.91325 4 1 4 2 -0.1518 0.0870 2.0000 -1.7753 1.2014 8.0000
99 3 1 1 1 1 2 5 3 19.71115 12.75724 3 3 3 4 -0.8780 -0.3146 2.0000 -0.0386 0.1707 2.0000
1 1 1 1 2 1 1 5 3 37.13622 15.63415 1 4 4 2 -0.1395 -0.1056 2.0000 -0.1179 0.4213 5.0000
68 1 3 2 3 1 2 6 5 25.36314 36.81191 3 2 3 1 -0.1470 -0.4120 5.0000 -2.9866 -2.2353 8.0000
160 2 3 2 2 2 2 2 8 5.662594 12.45286 1 3 4 1 0.8492 1.0362 5.0000 1.9654 -1.2544 5.0000
103 3 1 2 2 1 2 4 5 34.97173 32.06487 4 2 3 1 -2.2959 0.4060 5.0000 -0.3707 -0.2322 5.0000
90 2 3 1 1 1 2 4 7 31.17929 40.05838 3 4 2 4 -0.5204 0.1280 2.0000 0.6002 -0.7138 2.0000
109 3 2 1 2 1 2 8 8 12.53036 25.35664 4 4 1 1 0.7868 -0.5007 2.0000 1.2618 -0.4504 5.0000
59 1 2 2 3 1 2 4 4 8.733541 29.91371 1 2 3 1 -0.3527 0.2588 5.0000 -2.0697 0.5579 8.0000
112 3 2 2 2 1 2 1 7 22.69873 43.53118 3 4 2 4 2.1510 0.8997 5.0000 0.9227 -0.9713 5.0000
70 1 3 3 2 1 2 6 7 5.837527 32.47457 4 4 1 1 -0.4420 -0.5427 8.0000 1.2519 -1.9670 5.0000
127 1 1 1 2 2 2 7 2 30.81285 20.98759 2 3 4 2 0.0896 -0.1503 2.0000 0.1780 0.3996 5.0000
81 2 2 1 1 1 2 4 2 34.0906 39.26472 2 4 2 2 -0.5262 0.1014 2.0000 0.0536 0.5332 2.0000
150 2 2 1 1 2 2 5 3 9.157029 37.26965 1 2 3 3 -0.5291 -0.0853 2.0000 -0.3245 0.4265 2.0000
84 2 2 2 1 1 2 6 6 42.47592 9.93339 1 3 2 4 -0.0590 -1.3384 5.0000 -0.3079 -0.4386 2.0000
6 1 2 1 1 1 1 6 7 9.257682 22.66761 2 3 3 2 -0.1022 -0.1420 2.0000 0.2065 -0.4945 2.0000
73 2 1 1 2 1 2 6 8 22.41961 13.56068 4 3 3 2 -0.2058 -0.4948 2.0000 0.3732 -0.2282 5.0000
157 2 3 1 2 2 2 3 4 44.82138 44.71605 2 3 1 1 -0.3778 0.3801 2.0000 -2.3315 0.0116 5.0000
5 1 1 3 3 1 1 4 7 42.2928 38.2823 1 4 2 2 -0.6991 0.0331 8.0000 0.4336 -0.5494 8.0000
142 1 3 1 2 2 2 1 8 22.26593 21.601 3 1 1 1 0.1619 0.0663 2.0000 2.1398 -0.9259 5.0000
3 1 1 2 2 1 1 2 8 29.47586 35.74728 2 2 1 2 0.1171 0.4215 5.0000 0.4318 -0.0703 5.0000
161 2 3 2 3 2 2 5 8 8.902349 44.50504 2 4 3 3 -1.3236 -0.2073 5.0000 3.7303 -0.0322 8.0000
2 1 1 1 3 1 1 2 5 0.9478444 28.63989 4 2 3 2 0.1217 0.1258 2.0000 -0.6143 -0.3355 8.0000
82 2 2 1 2 1 2 5 7 4.27284 22.71709 1 2 3 3 -0.5344 -0.0399 2.0000 0.5174 -1.2358 5.0000
114 3 2 3 1 1 2 7 8 15.66558 35.87655 4 3 1 4 1.0073 -3.5919 8.0000 0.5291 -0.0850 2.0000
30 2 3 1 1 1 1 7 5 27.88171 26.6482 2 4 4 3 0.2506 -0.4737 2.0000 -0.8336 -0.4183 2.0000
92 2 3 1 3 1 2 7 4 31.59612 25.85966 1 4 4 4 0.2808 -0.4565 2.0000 -3.5242 1.2232 8.0000
34 2 3 2 2 1 1 4 1 0.6332695 25.7179 4 4 4 3 -0.9578 0.9368 5.0000 2.1006 1.0117 5.0000
71 1 3 3 3 1 2 2 2 44.74001 24.5851 2 1 3 1 0.0032 0.6999 8.0000 1.3012 3.4962 8.0000
94 2 3 2 2 1 2 2 2 9.425636 7.376595 4 2 2 3 0.7794 1.0897 5.0000 1.4233 1.8467 5.0000
23 1 3 3 3 1 1 8 5 16.39164 19.80485 4 4 4 2 0.6145 -0.3351 8.0000 -3.5098 -1.2639 8.0000
57 1 2 2 1 1 2 4 7 13.52128 28.68359 3 1 4 2 -0.3731 0.2284 5.0000 0.2572 -0.4701 2.0000
138 1 2 3 1 2 2 5 7 6.472707 35.13347 4 1 4 2 -0.6954 -0.0789 8.0000 0.3084 -0.4383 2.0000
131 1 1 3 3 2 2 8 4 31.55323 5.398552 1 3 4 1 0.6807 -0.1628 8.0000 -0.5393 0.4462 8.0000
79 2 1 3 2 1 2 7 1 28.06392 3.263412 1 2 3 1 1.0085 -1.8916 8.0000 0.4367 0.0249 5.0000
72 2 1 1 1 1 2 4 3 36.30461 31.97215 3 1 4 2 -0.5297 0.0810 2.0000 -0.0927 0.1484 2.0000
158 2 3 1 3 2 2 2 8 11.51227 43.21478 4 1 4 4 0.2957 0.4469 2.0000 3.7287 -0.1162 8.0000
14 1 2 3 3 1 1 7 2 22.02654 42.3344 1 3 1 2 0.2625 -0.6488 8.0000 0.0997 2.1413 8.0000
27 2 2 2 2 1 1 8 8 26.03653 4.551339 4 2 1 2 1.2670 -0.4354 5.0000 1.0195 -0.8692 5.0000
7 1 2 1 2 1 1 5 8 19.65966 16.02017 1 2 1 1 -0.1648 -0.0589 2.0000 1.1720 -0.6491 5.0000
165 3 3 1 1 2 2 8 6 27.01935 39.09818 4 1 4 2 0.8871 -0.2879 2.0000 -0.0959 -0.9277 2.0000
156 2 3 1 1 2 2 7 2 39.68498 33.22247 2 3 1 1 0.3422 -0.4124 2.0000 0.1904 0.9130 2.0000
122 3 3 2 3 1 2 2 8 40.61734 21.25112 3 3 1 1 0.1782 2.3247 5.0000 3.4146 -1.5024 8.0000
126 1 1 1 1 2 2 2 7 32.5106 24.03254 3 3 2 4 0.0378 0.1708 2.0000 0.0713 -0.1598 2.0000
46 1 1 1 2 1 2 5 2 11.43821 2.980969 1 4 2 4 -0.1715 -0.0347 2.0000 0.2928 0.3250 5.0000
123 3 3 3 1 1 2 6 3 33.43225 32.51783 2 1 4 4 -0.7481 -3.6547 8.0000 -0.5013 0.7864 2.0000
25 2 2 1 2 1 1 8 1 9.032033 24.05463 4 2 2 4 0.4337 -0.3148 2.0000 1.2234 0.5461 5.0000
47 1 1 1 3 1 2 7 1 8.485415 2.332132 1 4 4 1 0.0258 -0.1731 2.0000 0.6993 0.0285 8.0000
168 3 3 2 2 2 2 6 8 34.12439 6.24179 2 1 1 2 -0.4399 -2.2897 5.0000 1.8181 -1.4596 5.0000
155 2 2 3 3 2 2 6 4 8.484798 23.13365 3 4 1 3 -1.2755 -1.7228 8.0000 -1.9894 0.7984 8.0000
118 3 3 1 2 1 2 8 1 21.89339 44.49216 1 3 1 4 0.8578 -0.3660 2.0000 1.6632 1.6340 5.0000
97 2 3 3 2 1 2 7 1 5.945985 33.41262 2 3 4 2 0.2221 -2.1321 8.0000 1.9462 1.2839 5.0000
159 2 3 2 1 2 2 6 2 2.369839 2.129105 1 3 1 3 -0.9074 -0.9857 5.0000 0.6345 0.6835 2.0000
107 3 1 3 3 1 2 3 1 14.56413 26.84899 3 2 4 4 -0.9381 3.6106 8.0000 0.6245 0.3161 8.0000
37 2 3 3 2 1 1 5 8 34.66758 29.69736 2 2 4 3 -1.7630 -1.2193 8.0000 2.2489 -0.6153 5.0000
41 3 3 1 3 1 1 7 5 21.84109 41.62341 3 1 1 3 0.3470 -0.8657 2.0000 -2.7886 -2.4779 8.0000
102 3 1 2 1 1 2 2 1 26.65438 34.06441 3 1 3 4 0.7338 2.2130 5.0000 0.1450 0.0980 2.0000
22 1 3 3 2 1 1 5 4 28.84868 14.5854 1 1 4 1 -0.6130 -0.3377 8.0000 -2.0107 1.1803 5.0000
152 2 2 1 3 2 2 4 5 5.761079 41.04444 2 2 1 1 -0.4151 0.3390 2.0000 -1.6167 -1.4076 8.0000
135 1 2 2 1 2 2 3 6 40.91721 27.01518 4 1 4 3 -0.2865 0.3306 5.0000 -0.1655 -0.5097 2.0000
28 2 2 2 3 1 1 1 3 7.003242 32.31045 3 4 4 2 1.3298 0.1633 5.0000 -1.1458 1.8117 8.0000
33 2 3 2 1 1 1 5 1 43.19396 41.26639 4 4 1 3 -0.9767 -0.9170 5.0000 0.7010 0.6151 2.0000
56 1 2 1 3 1 2 6 8 9.902254 40.38075 1 3 2 4 -0.1006 -0.1432 2.0000 2.1366 -0.1726 8.0000
50 1 1 2 3 1 2 5 2 7.497697 17.01719 2 1 3 2 -0.4337 -0.0571 5.0000 0.3284 0.6181 8.0000
54 1 2 1 1 1 2 5 8 28.19 18.64126 3 3 4 2 -0.1542 -0.0827 2.0000 0.4802 -0.2379 2.0000
116 3 2 3 3 1 2 3 7 4.715211 9.812465 4 4 2 1 -0.3067 3.7178 8.0000 0.3653 -2.1122 8.0000
11 1 2 2 3 1 1 7 4 14.10204 16.07423 3 2 1 2 0.1066 -0.4243 5.0000 -1.8762 1.0368 8.0000
36 2 3 3 1 1 1 1 5 0.748229 44.13941 4 1 3 4 2.1434 0.0280 8.0000 -0.6693 -0.6495 2.0000
43 3 3 2 3 1 1 7 1 0.3392243 13.80987 1 2 1 2 0.0138 -2.3315 5.0000 3.6226 0.8905 8.0000
51 1 1 3 1 1 2 3 8 17.83616 34.48231 2 3 4 1 -0.2144 0.6663 8.0000 0.1720 -0.0319 2.0000
24 2 2 1 1 1 1 6 5 36.38225 37.73001 1 2 3 2 -0.0803 -0.5298 2.0000 -0.4238 -0.3279 2.0000
162 2 3 3 1 2 2 4 8 6.303282 27.04942 2 2 4 2 -1.6730 1.3402 8.0000 0.8872 -0.2874 2.0000
58 1 2 2 2 1 2 7 6 6.675653 40.91132 4 1 2 1 0.0509 -0.4345 5.0000 -0.0955 -1.3363 5.0000
139 1 2 3 2 2 2 2 5 5.308328 33.78178 1 3 4 3 0.4470 0.5386 8.0000 -1.1135 -0.7449 5.0000
111 3 2 2 1 1 2 7 6 5.787118 26.75454 4 2 2 2 0.2351 -2.3197 5.0000 -0.1678 -0.5090 2.0000
149 1 3 3 3 2 2 3 2 41.64449 32.73114 2 2 3 3 -0.4651 0.5230 8.0000 0.7927 3.6453 8.0000
65 1 3 1 3 1 2 5 6 37.0997 42.76112 3 1 4 1 -0.1396 -0.1055 2.0000 -0.1457 -3.7276 8.0000
132 1 2 1 1 2 2 4 3 14.95776 31.11988 3 2 2 2 -0.1515 0.0876 2.0000 -0.2770 0.4588 2.0000
29 2 2 3 3 1 1 4 6 38.87363 24.48916 1 4 2 2 -2.1314 0.2288 8.0000 -0.7511 -2.0077 8.0000
125 3 3 3 3 1 2 5 3 26.29315 42.34246 1 2 1 3 -3.3445 -1.6525 8.0000 -2.5127 2.7573 8.0000
35 2 3 2 3 1 1 7 8 44.96442 37.18148 2 3 4 2 0.9468 -0.9479 5.0000 3.6958 -0.5075 8.0000
40 3 3 1 2 1 1 2 4 33.22755 10.16931 4 1 2 4 0.1903 0.9130 2.0000 -1.9138 1.3317 5.0000
77 2 1 2 3 1 2 4 2 0.6261241 10.55205 1 2 1 2 -0.9576 0.9369 5.0000 0.3959 0.5772 8.0000
78 2 1 3 1 1 2 4 1 8.427619 17.60243 1 2 1 2 -1.7215 1.2772 8.0000 0.1668 0.0529 2.0000
167 3 3 1 3 2 2 1 5 13.98844 31.43888 1 2 3 2 0.9050 0.2254 2.0000 -3.1828 -1.9458 8.0000
129 1 1 2 2 2 2 6 2 33.63768 15.01353 3 3 4 1 -0.0862 -0.4289 5.0000 0.2186 0.3789 5.0000
93 2 3 2 1 1 2 8 4 32.20678 13.10185 2 3 1 1 1.3065 -0.2967 5.0000 -0.7918 0.4928 2.0000
153 2 2 2 2 2 2 8 2 10.12586 38.02689 2 1 3 2 1.0991 -0.7660 5.0000 0.1627 1.3298 5.0000
110 3 2 1 3 1 2 7 6 3.804965 28.28336 1 4 2 1 0.0619 -0.9306 2.0000 -0.6166 -2.0530 8.0000
87 2 2 3 1 1 2 1 2 4.951626 12.94493 1 2 1 1 2.1356 0.1850 8.0000 0.2844 0.4542 2.0000
18 1 3 2 1 1 1 3 1 10.12589 6.578236 3 4 1 1 -0.0769 0.4306 5.0000 0.9265 0.1068 2.0000
106 3 1 3 2 1 2 8 1 34.47461 12.07517 4 3 1 2 3.6677 -0.6814 8.0000 0.4278 0.0915 5.0000
130 1 1 2 3 2 2 8 3 28.48234 26.57168 3 2 4 2 0.4194 -0.1244 5.0000 -0.3131 0.6260 8.0000
147 1 3 3 1 2 2 1 4 16.54148 28.97489 4 2 2 1 0.6709 0.1993 8.0000 -0.8964 0.2575 2.0000
85 2 2 2 2 1 2 4 5 37.24724 34.77781 4 4 4 3 -1.3275 0.1807 5.0000 -1.1004 -0.7642 5.0000
166 3 3 1 2 2 2 7 3 33.19619 16.37381 1 1 4 2 0.5106 -0.7804 2.0000 -0.6573 2.2370 5.0000
164 2 3 3 3 2 2 8 1 32.88859 25.20992 1 4 2 2 2.0959 -0.4498 8.0000 3.3751 1.5889 8.0000
48 1 1 2 1 1 2 1 5 13.24567 8.003385 1 1 4 3 0.4258 0.1002 5.0000 -0.1733 -0.0244 2.0000
115 3 2 3 2 1 2 4 8 36.76175 11.41134 4 3 2 2 -3.6920 0.5345 8.0000 1.1161 -0.7412 5.0000
170 3 3 3 3 2 2 2 8 2.26843 39.62555 1 1 4 2 2.5314 2.7402 8.0000 3.7141 -0.3494 8.0000
128 1 1 1 3 2 2 3 6 0.2362329 37.17329 3 2 1 2 -0.0007 0.1750 2.0000 -0.0953 -0.6934 8.0000
63 1 3 1 1 1 2 2 2 18.25425 19.69375 1 3 4 1 0.0787 0.1563 2.0000 0.3987 0.8431 2.0000
52 1 1 3 2 1 2 1 4 34.91626 30.85139 1 4 4 1 0.5739 0.4006 8.0000 -0.4242 0.1069 5.0000
76 2 1 2 2 1 2 3 2 39.74483 12.70879 2 1 3 2 -0.8566 1.0301 5.0000 0.2337 0.3698 5.0000
61 1 2 3 2 1 2 5 2 35.81811 28.17563 3 3 4 1 -0.5675 -0.4096 8.0000 0.3878 1.2824 5.0000
100 3 1 1 2 1 2 1 4 31.23422 4.764365 2 3 2 4 0.7974 0.4836 2.0000 -0.3339 0.2826 5.0000
13 1 2 3 2 1 1 4 5 12.15501 24.87414 1 1 1 1 -0.5880 0.3796 8.0000 -1.2155 -0.5635 5.0000
55 1 2 1 2 1 2 1 6 37.20889 22.75976 1 3 3 4 0.1394 0.1058 2.0000 -0.5071 -1.2401 5.0000
45 1 1 1 1 1 2 3 8 7.726634 10.67611 3 1 2 1 -0.0235 0.1734 2.0000 0.1445 -0.0987 2.0000
144 1 3 2 1 2 2 8 8 3.728185 40.55888 1 1 1 4 0.3288 -0.2886 5.0000 0.9298 -0.0722 2.0000
154 2 2 2 3 2 2 5 7 39.76582 27.75088 2 4 3 3 -1.0298 -0.8570 5.0000 0.9981 -1.8970 8.0000
136 1 2 2 2 2 2 2 3 13.49122 35.33987 3 3 4 3 0.2286 0.3729 5.0000 -0.7749 1.0929 5.0000
8 1 2 1 3 1 1 8 3 34.59555 6.08193 3 1 2 2 0.1721 -0.0316 2.0000 -0.2271 2.1315 8.0000
49 1 1 2 2 1 2 8 4 4.080182 31.2566 2 2 1 3 0.3305 -0.2865 5.0000 -0.4249 0.1039 5.0000
32 2 3 1 3 1 1 6 3 11.27688 36.15018 3 4 3 2 -0.2975 -0.4457 2.0000 -2.2006 3.0122 8.0000
66 1 3 2 1 1 2 3 8 7.471974 2.12079 1 4 2 1 -0.0569 0.4337 5.0000 0.6834 -0.6346 2.0000
104 3 1 2 3 1 2 3 3 20.80592 27.67262 1 4 2 2 -0.8282 2.1795 5.0000 -0.3251 0.6199 8.0000
140 1 2 3 3 2 2 5 4 12.04361 16.72067 3 3 1 4 -0.6845 -0.1460 8.0000 -1.8878 1.0156 8.0000
38 2 3 3 3 1 1 7 6 14.9843 10.84833 4 1 1 4 0.5542 -2.0707 8.0000 -2.0942 -3.0872 8.0000
20 1 3 2 3 1 1 3 8 42.23776 41.28655 2 3 4 1 -0.2941 0.3239 5.0000 3.7226 -0.2416 8.0000
98 2 3 3 3 1 2 1 8 39.03362 4.054883 3 1 3 3 1.6651 1.3500 8.0000 2.8178 -2.4447 8.0000
53 1 1 3 3 1 2 1 4 29.25652 34.54485 3 1 3 2 0.6106 0.3421 8.0000 -0.6883 0.1270 8.0000
143 1 3 1 3 2 2 7 5 23.69451 40.29193 1 4 3 2 0.0703 -0.1602 2.0000 -2.8454 -2.4124 8.0000
42 3 3 2 2 1 1 3 3 16.69952 35.73037 2 3 2 1 -0.6700 2.2332 5.0000 -1.3616 1.8927 5.0000
