138 1 2 3 1 2 2 1 7 12.2859 42.4178 3 1 3 3 0.6839 0.1489 8.0000 0.3615 -0.3956 2.0000
49 1 1 2 2 1 2 4 8 40.00612 17.81824 2 3 4 4 -0.4358 0.0381 5.0000 0.3891 -0.1998 5.0000
35 2 3 2 3 1 1 1 2 43.02896 27.59669 4 1 2 3 0.9794 0.9142 5.0000 1.1158 3.5597 8.0000
75 2 1 2 1 1 2 3 7 21.69096 35.52297 1 2 1 4 -0.4952 1.2449 5.0000 0.1017 -0.1424 2.0000
34 2 3 2 2 1 1 5 7 11.69661 14.61392 4 2 1 4 -1.3119 -0.2716 5.0000 0.5883 -2.2561 5.0000
31 2 3 1 2 1 1 6 1 38.82311 28.17835 2 4 4 1 -0.0577 -0.5328 2.0000 2.0552 1.1010 5.0000
145 1 3 2 2 2 2 3 6 16.74231 34.20716 1 3 4 3 -0.1260 0.4189 5.0000 -0.4366 -2.2903 5.0000
40 3 3 1 2 1 1 7 6 41.22716 42.98098 1 2 4 4 0.6146 -0.7014 2.0000 -0.0821 -2.3301 5.0000
103 3 1 2 2 1 2 8 2 8.201229 29.31752 3 4 3 2 1.8670 -1.3966 5.0000 0.1182 0.4212 5.0000
149 1 3 3 3 2 2 3 5 24.82014 5.254951 2 2 1 2 -0.2938 0.6353 8.0000 -3.7148 -0.3417 8.0000
2 1 1 1 3 1 1 4 8 28.73227 8.287699 3 4 4 3 -0.1680 0.0490 2.0000 0.5611 -0.4184 8.0000
13 1 2 3 2 1 1 2 6 28.48555 0.6454897 4 4 3 4 0.1990 0.6710 8.0000 -0.9366 -0.9580 5.0000
104 3 1 2 3 1 2 3 7 25.57403 10.96741 4 2 1 2 -1.0065 2.1031 5.0000 0.1332 -0.6871 8.0000
116 3 2 3 3 1 2 5 4 5.322399 14.07028 4 2 1 2 -3.7144 -0.3460 8.0000 -1.8388 1.1018 8.0000
68 1 3 2 3 1 2 2 4 20.83819 22.36389 1 4 2 2 0.1791 0.3991 5.0000 -3.4431 1.4358 8.0000
169 3 3 2 3 2 2 4 7 10.702 43.06382 2 1 2 1 -1.9261 1.3138 5.0000 2.5472 -2.7255 8.0000
12 1 2 3 1 1 1 3 1 38.69504 22.2269 1 3 1 3 -0.4376 0.5463 8.0000 0.4961 0.2027 2.0000
65 1 3 1 3 1 2 2 7 36.53542 44.16367 2 3 2 2 0.0258 0.1731 2.0000 2.5991 -2.6761 8.0000
160 2 3 2 2 2 2 4 7 39.30046 28.81874 2 1 3 3 -1.3331 0.1331 5.0000 1.1239 -2.0428 5.0000
81 2 2 1 1 1 2 1 8 17.12712 30.38242 1 2 2 4 0.5121 0.1578 2.0000 0.5186 -0.1352 2.0000
56 1 2 1 3 1 2 2 4 13.16613 29.85592 1 1 2 4 0.0923 0.1487 2.0000 -2.0692 0.5600 8.0000
4 1 1 2 3 1 1 6 2 43.31138 24.80359 1 3 3 2 -0.0129 -0.4373 5.0000 0.2416 0.6569 8.0000
89 2 2 3 3 1 2 1 4 17.10675 26.29306 1 2 1 1 2.0488 0.6305 8.0000 -2.0304 0.6875 8.0000
119 3 3 1 3 1 2 4 7 10.88441 21.52699 3 3 2 1 -0.7721 0.5231 2.0000 1.3689 -3.4702 8.0000
63 1 3 1 1 1 2 4 4 16.74561 25.87654 2 3 3 3 -0.1541 0.0828 2.0000 -0.8811 0.3055 2.0000
46 1 1 1 2 1 2 2 8 32.57394 17.23529 2 4 4 4 0.0377 0.1709 2.0000 0.3871 -0.2038 5.0000
87 2 2 3 1 1 2 1 2 5.414972 41.82941 3 3 2 2 2.1340 0.2023 8.0000 0.0296 0.5351 2.0000
18 1 3 2 1 1 1 1 1 9.347509 28.52322 2 4 3 1 0.4316 0.0711 5.0000 0.8194 0.4453 2.0000
10 1 2 2 2 1 1 7 2 44.663 0.6565994 4 3 3 2 0.3075 -0.3111 5.0000 0.9364 0.9581 5.0000
93 2 3 2 1 1 2 2 3 42.93448 13.65345 3 1 1 4 0.0483 1.3389 5.0000 -0.2201 0.9063 2.0000
124 3 3 3 2 1 2 5 6 23.44473 12.94612 3 3 4 2 -3.4225 -1.4842 8.0000 -1.2374 -1.9761 5.0000
24 2 2 1 1 1 1 8 3 36.33861 33.63283 1 1 4 2 0.5298 -0.0807 2.0000 -0.2968 0.4462 2.0000
28 2 2 2 3 1 1 6 5 28.23077 12.16363 4 1 1 4 -0.3865 -1.2828 5.0000 -2.0955 -0.4517 8.0000
112 3 2 2 2 1 2 4 8 35.02485 18.91653 1 1 2 1 -2.2963 0.4039 5.0000 1.2033 -0.5891 5.0000
128 1 1 1 3 2 2 7 4 27.11663 16.86633 4 4 3 4 0.0798 -0.1557 2.0000 -0.6172 0.3300 8.0000
136 1 2 2 2 2 2 7 6 19.43406 5.348545 1 2 1 3 0.1455 -0.4125 5.0000 -0.8549 -1.0315 5.0000
98 2 3 3 3 1 2 6 6 20.6556 16.47478 3 2 2 4 -0.8836 -1.9530 8.0000 -1.7815 -3.2776 8.0000
117 3 3 1 1 1 2 8 7 9.127192 4.774214 2 3 4 3 0.7557 -0.5465 2.0000 0.0776 -0.9294 2.0000
77 2 1 2 3 1 2 8 4 33.92687 9.726784 1 1 4 4 1.3148 -0.2573 5.0000 -0.5714 0.4042 8.0000
100 3 1 1 2 1 2 1 8 37.87844 2.262712 3 4 2 2 0.7361 0.5726 2.0000 0.3213 -0.2969 5.0000
146 1 3 2 3 2 2 7 4 37.1105 11.23147 3 4 1 1 0.2639 -0.3488 5.0000 -3.1011 2.0735 8.0000
50 1 1 2 3 1 2 4 2 12.47119 0.2342588 4 3 4 3 -0.3688 0.2352 5.0000 0.4929 0.4969 8.0000
29 2 2 3 3 1 1 3 5 17.73681 22.62733 2 2 1 2 -0.6530 2.0417 8.0000 -1.9786 -0.8247 8.0000
7 1 2 1 2 1 1 1 6 0.4168636 35.13707 1 4 1 1 0.1750 0.0013 2.0000 -0.2295 -1.3199 5.0000
115 3 2 3 2 1 2 3 1 28.49966 7.869606 4 2 1 1 -1.7800 3.2784 8.0000 1.3271 0.1834 5.0000
95 2 3 2 3 1 2 5 3 12.08876 9.303885 3 1 3 4 -1.3100 -0.2806 5.0000 -0.6031 3.6814 8.0000
164 2 3 3 3 2 2 1 7 26.27179 25.49889 1 3 2 2 1.9222 0.9488 8.0000 1.6059 -3.3671 8.0000
14 1 2 3 3 1 1 8 4 44.86616 12.63216 2 1 1 3 0.6999 -0.0016 8.0000 -1.8105 1.1476 8.0000
108 3 2 1 1 1 2 7 7 37.21006 36.42059 1 3 3 4 0.5640 -0.7428 2.0000 0.3182 -0.4312 2.0000
42 3 3 2 2 1 1 7 1 30.23185 0.07646441 2 1 3 3 1.1739 -2.0144 5.0000 2.3315 0.0031 5.0000
166 3 3 1 2 2 2 4 7 9.258867 29.79698 4 2 2 4 -0.7570 0.5448 2.0000 1.1586 -2.0233 5.0000
105 3 1 3 1 1 2 1 3 37.16441 43.39392 3 2 4 2 2.9728 2.2536 8.0000 -0.1202 0.1271 2.0000
91 2 3 1 2 1 2 1 7 38.25211 43.61854 2 2 4 1 0.4208 0.3318 2.0000 1.6084 -1.6879 5.0000
101 3 1 1 3 1 2 7 7 20.93566 13.93821 1 2 4 1 0.3332 -0.8710 2.0000 0.1686 -0.6793 8.0000
69 1 3 3 1 1 2 4 6 43.19117 35.39768 3 1 2 1 -0.6996 0.0221 8.0000 -0.1556 -0.9195 2.0000
0 1 1 1 1 1 1 2 3 32.69223 37.50024 1 4 1 4 0.0373 0.1710 2.0000 -0.1065 0.1388 2.0000
151 2 2 1 2 2 2 1 5 0.5541873 39.70219 3 3 4 3 0.5359 0.0052 2.0000 -1.0308 -0.8558 5.0000
23 1 3 3 3 1 1 4 6 3.377507 41.23697 4 2 2 2 -0.5232 0.4649 8.0000 -0.2448 -3.7224 8.0000
3 1 1 2 2 1 1 4 3 42.10872 34.10062 2 4 3 2 -0.4369 0.0221 5.0000 -0.2453 0.3622 5.0000
5 1 1 3 3 1 1 3 6 44.3432 31.74459 3 1 2 4 -0.4892 0.5006 8.0000 -0.1605 -0.6813 8.0000
141 1 3 1 1 2 2 6 7 31.84577 44.75467 3 1 4 3 -0.0398 -0.1704 2.0000 0.6566 -0.6623 2.0000
162 2 3 3 1 2 2 3 3 39.58185 36.7527 3 3 1 3 -1.3659 1.6521 8.0000 -0.5580 0.7472 2.0000
38 2 3 3 3 1 1 8 8 38.87254 27.46337 3 4 4 3 2.1313 -0.2288 8.0000 3.5571 -1.1240 8.0000
62 1 2 3 3 1 2 3 4 39.33784 0.2663702 1 3 1 2 -0.4437 0.5413 8.0000 -1.5228 1.5087 8.0000
85 2 2 2 2 1 2 5 1 40.82889 9.240027 1 2 2 2 -1.0137 -0.8759 5.0000 1.3224 0.2151 5.0000
61 1 2 3 2 1 2 2 7 4.011828 40.50007 1 2 4 1 0.4591 0.5283 8.0000 0.8701 -1.0188 5.0000
170 3 3 3 3 2 2 3 4 14.87707 21.97159 4 1 2 4 -0.9578 3.6054 8.0000 -3.4332 1.4593 8.0000
67 1 3 2 2 1 2 3 7 14.28752 5.902598 2 2 4 1 -0.1080 0.4239 5.0000 0.2398 -2.3192 5.0000
167 3 3 1 3 2 2 4 3 23.17008 29.16461 1 3 4 4 -0.8657 0.3468 2.0000 -1.8179 3.2575 8.0000
130 1 1 2 3 2 2 4 7 20.43694 23.32926 3 4 3 3 -0.3979 0.1818 5.0000 0.2772 -0.6427 8.0000
123 3 3 3 1 1 2 6 2 17.60428 44.84516 1 2 1 1 -1.7165 -3.3121 8.0000 0.0025 0.9326 2.0000
168 3 3 2 2 2 2 3 5 11.47218 12.59385 1 3 1 4 -0.4637 2.2850 5.0000 -2.2754 -0.5084 5.0000
73 2 1 1 2 1 2 4 7 1.585234 7.496205 2 4 2 2 -0.3893 0.3683 2.0000 0.0571 -0.4337 5.0000
57 1 2 2 1 1 2 5 4 1.431119 32.79701 4 3 2 1 -0.4373 -0.0109 5.0000 -0.5238 0.1133 2.0000
131 1 1 3 3 2 2 7 2 13.23891 10.54783 1 3 3 4 0.1603 -0.6813 8.0000 0.3960 0.5771 8.0000
52 1 1 3 2 1 2 7 1 29.89889 36.48818 4 4 1 4 0.3489 -0.6068 8.0000 0.3517 0.2601 5.0000
60 1 2 3 1 1 2 5 4 4.159543 7.672373 2 1 3 1 -0.6981 -0.0508 8.0000 -0.4261 0.3250 2.0000
137 1 2 2 3 2 2 4 7 13.66678 39.57676 1 2 3 1 -0.3736 0.2275 5.0000 1.3657 -1.6522 8.0000
86 2 2 2 3 1 2 5 7 44.87819 33.3451 3 2 3 3 -0.9494 -0.9453 5.0000 1.1783 -1.7907 8.0000
158 2 3 1 3 2 2 6 5 12.84171 18.9493 2 3 2 3 -0.2852 -0.4537 2.0000 -3.5283 -1.2114 8.0000
36 2 3 3 1 1 1 4 8 32.84698 17.08235 4 3 4 3 -2.0956 0.4513 8.0000 0.8241 -0.4367 2.0000
8 1 2 1 3 1 1 4 1 0.01009583 15.22114 1 2 2 3 -0.1237 0.1237 2.0000 2.0684 0.5628 8.0000
120 3 3 2 1 1 2 3 5 21.36736 26.21197 4 1 3 4 -0.8495 2.1713 5.0000 -0.8367 -0.4119 2.0000
143 1 3 1 3 2 2 1 8 13.94604 40.61185 3 1 2 3 0.1698 0.0422 2.0000 3.7195 -0.2854 8.0000
126 1 1 1 1 2 2 5 1 17.21565 0.2031773 3 3 4 3 -0.1671 -0.0518 2.0000 0.1750 0.0006 2.0000
19 1 3 2 2 1 1 2 7 14.22312 8.23421 4 2 1 3 0.2238 0.3758 5.0000 0.3339 -2.3075 5.0000
17 1 3 1 3 1 1 2 7 32.86917 39.25854 2 1 3 3 0.0368 0.1711 2.0000 2.3607 -2.8885 8.0000
55 1 2 1 2 1 2 8 5 35.31969 12.86135 4 3 2 4 0.1725 -0.0294 2.0000 -1.3061 -0.2982 5.0000
125 3 3 3 3 1 2 3 7 11.21564 18.35452 3 1 2 3 -0.7256 3.6592 8.0000 1.1747 -3.5407 8.0000
71 1 3 3 3 1 2 2 6 42.47462 13.60735 1 1 3 3 0.0308 0.6992 8.0000 -1.9432 -3.1844 8.0000
163 2 3 3 2 2 2 4 2 29.62043 17.67686 3 1 1 1 -2.0668 0.5685 8.0000 1.0702 2.0714 5.0000
25 2 2 1 2 1 1 6 1 43.39687 32.69775 4 1 4 1 -0.0150 -0.5357 2.0000 1.1274 0.7237 5.0000
127 1 1 1 2 2 2 3 8 26.82073 36.3538 2 2 1 3 -0.0789 0.1562 2.0000 0.4325 -0.0658 5.0000
113 3 2 2 3 1 2 6 4 33.33569 4.019339 4 2 4 1 -0.4714 -2.2834 5.0000 -1.6183 1.4058 8.0000
150 2 2 1 1 2 2 1 2 5.146376 12.9254 2 2 2 4 0.5337 0.0481 2.0000 0.2846 0.4541 2.0000
78 2 1 3 1 1 2 5 4 29.55143 16.517 2 2 4 3 -1.8647 -1.0572 8.0000 -0.1538 0.0834 2.0000
165 3 3 1 1 2 2 6 5 32.73321 35.61802 1 3 3 2 -0.1981 -0.9113 2.0000 -0.7581 -0.5431 2.0000
11 1 2 2 3 1 1 5 8 36.7444 13.33829 1 2 2 2 -0.3505 -0.2617 5.0000 1.8245 -1.1252 8.0000
142 1 3 1 2 2 2 3 5 25.00249 12.12203 4 1 3 3 -0.0740 0.1586 2.0000 -2.2796 -0.4896 5.0000
6 1 2 1 1 1 1 2 5 14.67302 12.04644 2 4 2 4 0.0884 0.1510 2.0000 -0.5241 -0.1118 2.0000
129 1 1 2 2 2 2 4 8 3.18345 37.82184 4 3 3 2 -0.3260 0.2917 5.0000 0.4340 -0.0547 5.0000
47 1 1 1 3 1 2 6 8 29.20167 37.09878 1 3 2 2 -0.0476 -0.1684 2.0000 0.6933 -0.0962 8.0000
97 2 3 3 2 1 2 5 5 24.01151 41.44073 2 4 3 1 -1.9581 -0.8723 8.0000 -1.7478 -1.5431 5.0000
90 2 3 1 1 1 2 6 2 42.2796 11.17268 4 1 4 2 -0.0254 -0.5353 2.0000 0.5192 0.7747 2.0000
159 2 3 2 1 2 2 1 8 5.200009 14.78297 2 3 1 4 1.3342 0.1214 5.0000 0.8059 -0.4694 2.0000
66 1 3 2 1 1 2 2 3 19.9602 10.23984 3 3 3 4 0.1851 0.3963 5.0000 -0.1658 0.9178 2.0000
134 1 2 1 3 2 2 3 1 18.05767 41.65538 4 4 1 4 -0.0542 0.1664 2.0000 1.6016 1.4247 8.0000
161 2 3 2 3 2 2 4 7 21.38564 7.875513 2 1 2 2 -1.2276 0.5367 5.0000 0.5112 -3.6953 8.0000
16 1 3 1 2 1 1 8 4 42.49685 1.744745 1 3 2 2 0.1748 -0.0076 2.0000 -1.6981 1.5977 5.0000
22 1 3 3 2 1 1 5 5 14.35093 43.04981 3 2 4 3 -0.6781 -0.1735 8.0000 -1.7038 -1.5916 5.0000
111 3 2 2 1 1 2 8 4 20.61011 40.5673 3 1 4 1 2.1235 -0.9628 5.0000 -0.5343 0.0414 2.0000
122 3 3 2 3 1 2 2 1 16.92922 25.65329 2 3 4 3 1.0971 2.0573 5.0000 3.3628 1.6150 8.0000
26 2 2 1 3 1 1 6 4 21.05249 4.894232 1 2 2 4 -0.2175 -0.4898 2.0000 -1.6395 1.3809 8.0000
39 3 3 1 1 1 1 3 1 22.58124 33.03863 3 1 1 3 -0.3581 0.8611 2.0000 0.7818 0.5085 2.0000
107 3 1 3 3 1 2 1 4 36.99617 11.16811 1 1 2 1 2.9794 2.2448 8.0000 -0.5814 0.3897 8.0000
80 2 1 3 3 1 2 4 5 1.683623 30.46474 4 4 3 4 -1.5596 1.4706 8.0000 -0.6033 -0.3549 8.0000
44 3 3 3 3 1 1 5 7 28.37481 34.47778 3 4 1 4 -3.2823 -1.7729 8.0000 2.1118 -3.0752 8.0000
76 2 1 2 2 1 2 5 4 24.82133 13.42474 4 1 2 3 -1.2160 -0.5624 5.0000 -0.3727 0.2291 5.0000
20 1 3 2 3 1 1 7 6 26.766 28.48099 4 1 2 2 0.1970 -0.3906 5.0000 -1.0607 -3.5765 8.0000
51 1 1 3 1 1 2 1 4 34.24412 33.92574 3 2 2 3 0.5786 0.3939 8.0000 -0.1717 0.0336 2.0000
82 2 2 1 2 1 2 1 5 36.35387 1.161284 3 3 4 4 0.4316 0.3177 2.0000 -1.3395 -0.0272 5.0000
140 1 2 3 3 2 2 4 7 36.25083 24.91586 2 3 4 1 -0.6918 0.1065 8.0000 0.9031 -1.9441 8.0000
9 1 2 2 1 1 1 6 6 17.54136 5.858626 1 2 3 3 -0.2017 -0.3882 5.0000 -0.3383 -0.4156 2.0000
72 2 1 1 1 1 2 1 1 40.98989 11.77851 4 1 2 1 0.4045 0.3515 2.0000 0.1713 0.0357 2.0000
156 2 3 1 1 2 2 7 1 15.99681 16.77868 4 1 2 4 0.1477 -0.5151 2.0000 0.8929 0.2692 2.0000
153 2 2 2 2 2 2 1 4 17.0745 3.055444 1 4 3 4 1.2807 0.3934 5.0000 -0.9965 0.8955 5.0000
110 3 2 1 3 1 2 8 2 25.05237 33.49616 1 4 3 1 0.8767 -0.3182 2.0000 0.4275 2.1005 8.0000
27 2 2 2 2 1 1 6 8 7.413658 6.92475 1 1 3 2 -0.8172 -1.0617 5.0000 1.0547 -0.8262 5.0000
48 1 1 2 1 1 2 4 7 8.73868 35.81716 2 4 3 3 -0.3527 0.2587 5.0000 0.1024 -0.1419 2.0000
79 2 1 3 2 1 2 6 8 1.390935 21.07114 2 3 2 4 -1.4785 -1.5521 8.0000 0.3998 -0.1774 5.0000
121 3 3 2 2 1 2 2 7 20.42427 44.11665 2 3 3 3 0.9697 2.1203 5.0000 1.6230 -1.6739 5.0000
148 1 3 3 2 2 2 1 8 9.740904 26.4908 4 3 2 4 0.6898 0.1184 8.0000 2.2109 -0.7402 5.0000
133 1 2 1 2 2 2 5 6 22.13707 21.93154 4 1 2 2 -0.1621 -0.0659 2.0000 -0.5250 -1.2326 5.0000
84 2 2 2 1 1 2 5 4 25.92233 15.9256 4 2 2 4 -1.2050 -0.5857 5.0000 -0.4684 0.2604 2.0000
94 2 3 2 2 1 2 1 5 36.13165 15.39458 1 1 3 3 1.0821 0.7900 5.0000 -2.2479 -0.6189 5.0000
144 1 3 2 1 2 2 3 7 17.72532 7.572525 4 2 2 2 -0.1332 0.4167 5.0000 0.1229 -0.9245 2.0000
59 1 2 2 3 1 2 7 5 13.40807 30.914 2 2 2 3 0.1014 -0.4255 5.0000 -1.8391 -1.1013 8.0000
155 2 2 3 3 2 2 2 4 37.60848 43.09951 1 1 2 3 0.2758 2.1258 8.0000 -2.1424 0.0711 8.0000
41 3 3 1 3 1 1 6 7 42.86398 10.16855 3 4 3 2 -0.0348 -0.9320 2.0000 0.6586 -3.6719 8.0000
154 2 2 2 3 2 2 8 7 33.96877 17.49523 4 1 1 3 1.3150 -0.2564 5.0000 0.6444 -2.0444 8.0000
64 1 3 1 2 1 2 7 1 19.05235 25.37765 2 4 3 4 0.0571 -0.1654 2.0000 2.1066 0.9993 5.0000
102 3 1 2 1 1 2 4 3 8.619617 6.413822 2 3 3 1 -1.8771 1.3829 5.0000 -0.0195 0.1739 2.0000
96 2 3 3 1 1 2 1 5 36.76873 35.51492 4 1 2 1 1.7171 1.2831 8.0000 -0.7591 -0.5418 2.0000
30 2 3 1 1 1 1 6 1 38.17694 24.63696 1 3 1 1 -0.0637 -0.5321 2.0000 0.8477 0.3888 2.0000
15 1 3 1 1 1 1 6 7 31.69473 26.83336 1 4 1 4 -0.0403 -0.1703 2.0000 0.4210 -0.8322 2.0000
54 1 2 1 1 1 2 1 6 41.47422 39.79628 1 2 4 3 0.1311 0.1159 2.0000 -0.0486 -0.5337 2.0000
157 2 3 1 2 2 2 2 1 42.36773 44.59554 3 4 2 4 0.0246 0.5353 2.0000 1.6602 1.6370 5.0000
106 3 1 3 2 1 2 2 8 40.18755 12.38922 4 3 2 3 0.3130 3.7173 8.0000 0.3685 -0.2358 5.0000
43 3 3 2 3 1 1 2 4 38.68088 41.43378 1 1 1 4 0.2566 2.3174 5.0000 -3.7232 0.2320 8.0000
139 1 2 3 2 2 2 1 8 2.329633 19.09587 1 1 3 1 0.6993 0.0285 8.0000 1.2051 -0.5853 5.0000
1 1 1 1 2 1 1 6 3 40.29636 10.49583 3 1 4 1 -0.0143 -0.1744 2.0000 -0.0797 0.4301 5.0000
92 2 3 1 3 1 2 6 8 10.50423 25.57886 3 3 1 4 -0.3035 -0.4417 2.0000 3.5182 -1.2404 8.0000
99 3 1 1 1 1 2 2 8 9.122075 41.853 3 3 3 4 0.5466 0.7557 2.0000 0.1747 -0.0096 2.0000
58 1 2 2 2 1 2 1 4 0.05971134 31.61451 3 3 4 2 0.4374 0.0005 5.0000 -1.3034 0.3102 5.0000
88 2 2 3 2 1 2 2 2 4.688743 37.69555 2 4 3 2 1.3868 1.6346 8.0000 0.1703 1.3289 5.0000
32 2 3 1 3 1 1 6 3 32.79715 20.18027 4 1 3 3 -0.1133 -0.5238 2.0000 -1.2869 3.5015 8.0000
114 3 2 3 1 1 2 3 1 44.53247 26.23062 3 4 2 3 -2.6162 2.6593 8.0000 0.4807 0.2369 2.0000
21 1 3 3 1 1 1 4 6 10.36595 25.5905 3 2 4 4 -0.5759 0.3978 8.0000 -0.3099 -0.8796 2.0000
118 3 3 1 2 1 2 5 6 3.297674 37.91033 1 2 4 3 -0.9311 -0.0536 2.0000 -0.2878 -2.3137 5.0000
83 2 2 1 3 1 2 8 7 32.69869 26.86811 2 4 2 3 0.5236 -0.1142 2.0000 0.9688 -1.9122 8.0000
37 2 3 3 2 1 1 8 5 2.161405 33.20098 4 1 2 1 1.5718 -1.4575 8.0000 -1.9509 -1.2767 5.0000
53 1 1 3 3 1 2 5 1 11.45057 18.03085 4 4 1 2 -0.6860 -0.1389 8.0000 0.6655 0.2166 8.0000
152 2 2 1 3 2 2 8 4 37.34685 10.79894 4 4 4 1 0.5311 -0.0714 2.0000 -1.7729 1.2049 8.0000
45 1 1 1 1 1 2 6 1 11.38848 1.677389 2 3 4 1 -0.0969 -0.1457 2.0000 0.1749 0.0051 2.0000
135 1 2 2 1 2 2 4 5 1.984969 21.03581 1 2 1 2 -0.3198 0.2984 5.0000 -0.5002 -0.1924 2.0000
109 3 2 1 2 1 2 5 3 16.63232 43.29393 3 1 2 4 -0.8936 -0.2669 2.0000 -0.9187 0.9751 5.0000
33 2 3 2 1 1 1 1 7 35.86174 3.539926 1 1 1 2 1.0858 0.7849 5.0000 0.0576 -0.9308 2.0000
74 2 1 1 3 1 2 7 2 43.3428 5.095451 2 4 4 2 0.3678 -0.3897 2.0000 0.4490 0.5369 8.0000
70 1 3 3 2 1 2 7 6 7.853143 16.35441 3 4 4 3 0.0956 -0.6933 8.0000 -1.1177 -2.0462 5.0000
147 1 3 3 1 2 2 1 3 33.07066 27.22491 4 1 1 2 0.5865 0.3819 8.0000 -0.4267 0.8293 2.0000
132 1 2 1 1 2 2 1 6 26.88619 20.12964 4 1 2 1 0.1561 0.0791 2.0000 -0.2254 -0.4862 2.0000
