130 1 1 2 3 2 2 8 3 39.86889 38.05144 2 1 4 4 0.4357 -0.0391 5.0000 -0.4314 0.5511 8.0000
100 3 1 1 2 1 2 1 5 30.90533 27.59569 4 2 3 3 0.8002 0.4790 2.0000 -0.3877 -0.2026 5.0000
2 1 1 1 3 1 1 6 2 8.105775 8.836564 2 4 1 2 -0.1050 -0.1399 2.0000 0.4130 0.5651 8.0000
68 1 3 2 3 1 2 3 6 12.96587 32.22765 1 3 1 4 -0.0981 0.4263 5.0000 -0.8247 -3.6382 8.0000
161 2 3 2 3 2 2 2 7 19.90343 2.652581 2 2 3 2 0.5682 1.2133 5.0000 0.1726 -3.7265 8.0000
149 1 3 3 3 2 2 3 4 16.80486 27.09738 3 3 3 2 -0.2024 0.6700 8.0000 -3.5498 1.1467 8.0000
31 2 3 1 2 1 1 1 3 30.51001 4.585628 2 2 4 2 0.4617 0.2721 2.0000 -0.1864 2.3241 5.0000
80 2 1 3 3 1 2 3 4 0.9328777 12.02674 2 2 4 1 -0.0349 2.1433 8.0000 -0.5872 0.3809 8.0000
110 3 2 1 3 1 2 4 6 44.81574 1.976311 1 3 3 4 -0.9326 0.0030 2.0000 -1.4626 -1.5671 8.0000
109 3 2 1 2 1 2 4 3 8.780914 41.45144 3 1 1 4 -0.7524 0.5511 2.0000 -0.8869 1.0042 5.0000
88 2 2 3 2 1 2 2 5 34.24707 17.55973 3 3 1 1 0.3999 2.1060 8.0000 -1.2773 -0.4042 5.0000
38 2 3 3 3 1 1 1 5 32.52155 38.07827 4 1 2 2 1.8075 1.1524 8.0000 -2.9365 -2.3007 8.0000
79 2 1 3 2 1 2 8 7 35.65937 11.50869 3 4 2 2 2.1152 -0.3479 8.0000 0.0873 -0.4286 5.0000
90 2 3 1 1 1 2 4 6 1.98543 24.83048 1 2 2 3 -0.3918 0.3656 2.0000 -0.3216 -0.8754 2.0000
108 3 2 1 1 1 2 4 7 34.09523 20.92657 1 1 1 4 -0.9158 0.1764 2.0000 0.1914 -0.5005 2.0000
111 3 2 2 1 1 2 4 2 5.886016 29.24978 1 3 3 3 -1.8090 1.4709 5.0000 0.1455 0.5158 2.0000
156 2 3 1 1 2 2 7 4 37.71486 17.87441 3 4 2 2 0.3278 -0.4239 2.0000 -0.8300 0.4252 2.0000
66 1 3 2 1 1 2 6 1 36.5693 34.97494 3 4 1 3 -0.0641 -0.4327 5.0000 0.7642 0.5346 2.0000
67 1 3 2 2 1 2 1 1 33.3371 19.14469 1 1 2 3 0.3655 0.2404 5.0000 2.2026 0.7646 5.0000
105 3 1 3 1 1 2 5 3 18.23582 2.731047 2 4 3 2 -3.5431 -1.1674 8.0000 -0.0083 0.1748 2.0000
23 1 3 3 3 1 1 5 6 24.94514 25.14979 1 3 3 4 -0.6346 -0.2952 8.0000 -1.2667 -3.5088 8.0000
128 1 1 1 3 2 2 5 1 0.8348429 30.0547 1 4 4 4 -0.1750 -0.0025 2.0000 0.6058 0.3505 8.0000
34 2 3 2 2 1 1 8 6 25.56342 15.68723 4 4 1 2 1.2634 -0.4458 5.0000 -1.1415 -2.0330 5.0000
42 3 3 2 2 1 1 6 8 42.81485 29.58863 3 2 3 1 -0.0889 -2.3298 5.0000 2.2477 -0.6196 5.0000
136 1 2 2 2 2 2 7 5 21.59288 18.453 3 1 2 2 0.1610 -0.4067 5.0000 -1.2709 -0.4241 5.0000
138 1 2 3 1 2 2 2 4 9.784779 22.51752 4 3 1 4 0.4036 0.5718 8.0000 -0.4952 0.2049 2.0000
17 1 3 1 3 1 1 5 2 2.172021 27.23298 1 4 4 1 -0.1749 -0.0066 2.0000 1.1383 3.5525 8.0000
86 2 2 2 3 1 2 8 5 5.340675 12.03067 3 2 4 4 1.0314 -0.8551 5.0000 -2.0965 -0.4468 8.0000
52 1 1 3 2 1 2 5 6 2.259488 41.70294 4 2 2 1 -0.6994 -0.0276 8.0000 -0.0252 -0.4367 5.0000
48 1 1 2 1 1 2 6 1 1.116325 31.05255 4 2 2 4 -0.3032 -0.3153 5.0000 0.1499 0.0903 2.0000
74 2 1 1 3 1 2 7 8 8.790773 14.47997 1 4 3 1 0.0819 -0.5296 2.0000 0.6029 -0.3554 8.0000
16 1 3 1 2 1 1 7 1 0.4981345 40.12713 4 4 4 2 0.0015 -0.1750 2.0000 1.7827 1.5026 5.0000
33 2 3 2 1 1 1 4 2 12.09376 26.73528 4 1 4 2 -1.1248 0.7278 5.0000 0.2923 0.8856 2.0000
122 3 3 2 3 1 2 4 5 1.249974 5.58341 1 2 2 3 -1.6842 1.6123 5.0000 -3.7128 -0.3630 8.0000
75 2 1 2 1 1 2 8 8 21.81446 33.3714 2 3 1 1 1.2315 -0.5275 5.0000 0.1714 -0.0353 2.0000
64 1 3 1 2 1 2 4 6 8.331548 6.423864 2 3 2 1 -0.1404 0.1045 2.0000 -1.4538 -1.8228 5.0000
11 1 2 2 3 1 1 6 4 37.00859 26.76345 3 3 3 1 -0.0608 -0.4332 5.0000 -2.0359 0.6708 8.0000
9 1 2 2 1 1 1 2 8 7.85736 39.42212 1 2 3 2 0.2641 0.3487 5.0000 0.5334 -0.0521 2.0000
118 3 3 1 2 1 2 4 5 31.71612 20.49192 4 4 1 3 -0.9077 0.2143 2.0000 -2.1840 -0.8162 5.0000
62 1 2 3 3 1 2 7 1 37.18953 26.54226 1 4 4 2 0.4231 -0.5576 8.0000 1.9177 0.9579 8.0000
47 1 1 1 3 1 2 5 3 4.681163 12.99859 1 2 3 3 -0.1744 -0.0143 2.0000 -0.1574 0.6820 8.0000
71 1 3 3 3 1 2 3 1 3.885909 11.38682 1 4 4 4 -0.0474 0.6983 8.0000 3.6570 0.7365 8.0000
50 1 1 2 3 1 2 4 6 13.49386 17.47255 4 2 4 3 -0.3730 0.2286 5.0000 -0.3235 -0.6207 8.0000
69 1 3 3 1 1 2 8 6 7.549099 43.3097 2 3 2 3 0.5556 -0.4256 8.0000 -0.0275 -0.9322 2.0000
168 3 3 2 2 2 2 1 4 20.35204 23.4263 3 2 2 2 2.1860 0.8109 5.0000 -2.1682 0.8573 5.0000
115 3 2 3 2 1 2 2 3 26.68065 23.22579 3 1 3 3 1.1725 3.5414 8.0000 -0.5283 1.2312 5.0000
150 2 2 1 1 2 2 5 4 19.90738 19.18273 3 2 2 3 -0.5039 -0.1825 2.0000 -0.4824 0.2334 2.0000
121 3 3 2 2 1 2 6 5 21.23752 39.12655 1 4 2 3 -0.9395 -2.1339 5.0000 -1.8087 -1.4713 5.0000
169 3 3 2 3 2 2 5 2 11.16838 5.517695 1 2 3 3 -2.2874 -0.4516 5.0000 2.3720 2.8792 8.0000
76 2 1 2 2 1 2 6 6 41.72721 27.85048 4 4 1 1 -0.0765 -1.3376 5.0000 -0.1290 -0.4180 5.0000
127 1 1 1 2 2 2 4 8 2.714986 42.72141 3 2 3 4 -0.1294 0.1177 2.0000 0.4371 -0.0174 5.0000
167 3 3 1 3 2 2 7 3 7.830098 34.74592 2 2 2 2 0.1271 -0.9239 2.0000 -2.1261 3.0653 8.0000
93 2 3 2 1 1 2 7 3 7.921545 38.19741 2 2 3 3 0.1846 -1.3270 5.0000 -0.5767 0.7329 2.0000
43 3 3 2 3 1 1 5 8 31.16101 18.94427 2 1 1 4 -1.9951 -1.2064 5.0000 3.3513 -1.6386 8.0000
116 3 2 3 3 1 2 5 8 3.266721 40.45424 3 2 4 2 -3.7244 -0.2126 8.0000 2.1369 -0.1699 8.0000
60 1 2 3 1 1 2 8 7 31.96658 28.95698 4 2 2 4 0.6819 -0.1578 8.0000 0.2595 -0.4689 2.0000
113 3 2 2 3 1 2 5 6 40.25869 6.171768 4 3 2 4 -1.7793 -1.5067 5.0000 -1.3440 -1.6699 8.0000
6 1 2 1 1 1 1 8 2 2.270468 6.384489 4 3 4 3 0.1285 -0.1187 2.0000 0.3344 0.4187 2.0000
21 1 3 3 1 1 1 6 1 10.09004 39.93053 1 3 3 3 -0.4006 -0.5740 8.0000 0.7152 0.5986 2.0000
77 2 1 2 3 1 2 4 8 34.29468 40.47463 3 3 3 1 -1.3164 0.2489 5.0000 0.6977 -0.0552 8.0000
125 3 3 3 3 1 2 7 5 37.07938 8.205097 2 4 3 3 2.2492 -2.9762 8.0000 -3.6923 -0.5324 8.0000
142 1 3 1 2 2 2 4 5 21.03752 24.71135 2 1 2 4 -0.1599 0.0711 2.0000 -2.1180 -0.9747 5.0000
92 2 3 1 3 1 2 4 7 21.34627 14.22402 3 2 1 4 -0.4909 0.2150 2.0000 0.9166 -3.6161 8.0000
54 1 2 1 1 1 2 5 5 12.23104 29.596 4 1 2 1 -0.1710 -0.0371 2.0000 -0.4660 -0.2647 2.0000
97 2 3 3 2 1 2 5 2 20.85143 21.04049 2 2 4 3 -2.0032 -0.7630 8.0000 0.9468 2.1306 5.0000
20 1 3 2 3 1 1 4 7 44.47972 23.9364 3 2 1 1 -0.4374 0.0040 5.0000 1.5135 -3.4096 8.0000
82 2 2 1 2 1 2 2 3 11.06219 14.05952 4 2 2 3 0.2992 0.4446 2.0000 -0.3255 1.2996 5.0000
147 1 3 3 1 2 2 1 3 4.680996 10.82456 4 4 4 2 0.6976 0.0571 8.0000 -0.1751 0.9160 2.0000
27 2 2 2 2 1 1 3 5 3.186062 42.15026 2 1 4 1 -0.0745 1.3377 5.0000 -0.9933 -0.8991 5.0000
14 1 2 3 3 1 1 5 7 25.3345 31.52151 3 2 3 4 -0.6326 -0.2995 8.0000 1.1207 -1.8273 8.0000
0 1 1 1 1 1 1 6 1 23.06233 15.11427 4 4 1 2 -0.0654 -0.1623 2.0000 0.1689 0.0456 2.0000
107 3 1 3 3 1 2 7 8 15.97816 38.74313 1 2 4 2 1.0269 -3.5863 8.0000 0.6957 -0.0763 8.0000
61 1 2 3 2 1 2 3 1 19.21337 18.73008 4 4 2 2 -0.2303 0.6609 8.0000 1.2688 0.4302 5.0000
3 1 1 2 2 1 1 4 8 39.40073 25.74007 4 3 1 2 -0.4354 0.0427 5.0000 0.4130 -0.1443 5.0000
123 3 3 3 1 1 2 5 3 37.48283 23.65831 3 4 2 2 -2.9603 -2.2701 8.0000 -0.3742 0.8542 2.0000
46 1 1 1 2 1 2 1 6 34.93027 14.54578 1 4 3 3 0.1435 0.1002 2.0000 -0.2217 -0.3771 5.0000
137 1 2 2 3 2 2 2 3 10.11763 24.34791 3 2 2 1 0.2502 0.3588 5.0000 -0.8838 1.9529 8.0000
159 2 3 2 1 2 2 5 6 40.18422 21.94359 4 4 2 2 -1.0235 -0.8645 5.0000 -0.3652 -0.8581 2.0000
91 2 3 1 2 1 2 6 7 5.004492 15.41853 3 3 1 4 -0.3444 -0.4105 2.0000 0.6199 -2.2476 5.0000
35 2 3 2 3 1 1 5 8 36.65812 2.464457 4 3 2 2 -1.0748 -0.7999 5.0000 2.7488 -2.5220 8.0000
165 3 3 1 1 2 2 5 7 1.404753 25.40824 4 1 2 1 -0.9323 -0.0229 2.0000 0.4002 -0.8424 2.0000
141 1 3 1 1 2 2 2 2 44.48618 11.33081 1 3 1 1 0.0016 0.1750 2.0000 0.5170 0.7762 2.0000
119 3 3 1 3 1 2 2 1 14.11509 7.955502 1 3 3 3 0.4787 0.8004 2.0000 3.6946 0.5163 8.0000
166 3 3 1 2 2 2 2 1 7.183261 23.7846 4 1 2 4 0.5718 0.7367 2.0000 2.1335 0.9403 5.0000
126 1 1 1 1 2 2 8 5 25.49674 30.8944 2 1 3 3 0.1649 -0.0584 2.0000 -0.1502 -0.0898 2.0000
114 3 2 3 1 1 2 8 4 3.458033 25.21115 1 4 4 2 2.7921 -2.4739 8.0000 -0.5043 0.1814 2.0000
133 1 2 1 2 2 2 4 5 5.900753 44.71572 4 1 2 2 -0.1358 0.1104 2.0000 -0.9520 -0.9426 5.0000
160 2 3 2 2 2 2 2 8 21.1522 23.17449 2 4 1 2 0.5417 1.2254 5.0000 2.1644 -0.8668 5.0000
12 1 2 3 1 1 1 3 3 44.31099 16.35448 3 1 3 2 -0.4889 0.5008 8.0000 -0.1509 0.5142 2.0000
8 1 2 1 3 1 1 4 2 2.106575 17.06621 2 2 4 2 -0.1282 0.1191 2.0000 1.0042 1.8938 8.0000
18 1 3 2 1 1 1 1 1 10.0548 22.30599 3 4 1 2 0.4307 0.0764 5.0000 0.8628 0.3540 2.0000
102 3 1 2 1 1 2 3 8 13.06716 11.93669 1 2 2 3 -0.5271 2.2712 5.0000 0.1466 -0.0955 2.0000
164 2 3 3 3 2 2 1 5 35.55933 29.29763 3 3 3 1 1.7438 1.2466 8.0000 -3.2533 -1.8255 8.0000
65 1 3 1 3 1 2 7 5 22.15992 23.93165 1 3 4 3 0.0660 -0.1621 2.0000 -3.4098 -1.5132 8.0000
139 1 2 3 2 2 2 1 1 44.59894 27.72395 4 4 2 3 0.4984 0.4914 8.0000 1.1859 0.6233 5.0000
26 2 2 1 3 1 1 1 8 23.12012 22.12823 1 3 2 2 0.4929 0.2104 2.0000 1.9751 -0.8332 8.0000
51 1 1 3 1 1 2 5 1 12.53583 42.58718 3 2 4 2 -0.6832 -0.1519 8.0000 0.1288 0.1184 2.0000
94 2 3 2 2 1 2 3 6 29.09276 17.48437 2 3 2 1 -0.6514 1.1707 5.0000 -1.0771 -2.0678 5.0000
163 2 3 3 2 2 2 3 6 29.26625 13.94342 1 1 1 1 -1.0479 1.8700 8.0000 -1.2028 -1.9973 5.0000
28 2 2 2 3 1 1 1 1 3.401545 20.16254 2 1 1 2 1.3374 0.0795 5.0000 2.0122 0.7389 8.0000
58 1 2 2 2 1 2 1 1 44.25371 10.486 4 2 1 3 0.3133 0.3053 5.0000 1.3174 0.2438 5.0000
19 1 3 2 2 1 1 8 7 11.76545 24.74124 1 1 3 2 0.3659 -0.2397 5.0000 0.9758 -2.1175 5.0000
70 1 3 3 2 1 2 5 6 21.92287 3.193722 2 3 4 4 -0.6493 -0.2613 8.0000 -1.5542 -1.7379 5.0000
143 1 3 1 3 2 2 7 6 23.61689 30.8867 2 3 2 3 0.0701 -0.1603 2.0000 -0.9096 -3.6179 8.0000
145 1 3 2 2 2 2 5 3 16.70807 27.99015 3 1 1 1 -0.4190 -0.1258 5.0000 -1.0942 2.0588 5.0000
30 2 3 1 1 1 1 1 2 16.21539 4.712947 1 2 2 4 0.5146 0.1496 2.0000 0.6030 0.7114 2.0000
32 2 3 1 3 1 1 8 3 36.66817 22.49941 1 1 1 1 0.5302 -0.0777 2.0000 -1.4276 3.4465 8.0000
120 3 3 2 1 1 2 8 3 19.75106 29.65503 2 4 2 2 2.1088 -0.9945 5.0000 -0.4614 0.8105 2.0000
13 1 2 3 2 1 1 1 6 24.33782 34.17866 4 1 4 1 0.6377 0.2884 8.0000 -0.2515 -1.3159 5.0000
154 2 2 2 3 2 2 6 3 12.97507 10.3258 1 2 4 1 -0.7105 -1.1359 5.0000 -0.3842 2.1089 8.0000
134 1 2 1 3 2 2 7 2 23.48531 24.18589 4 2 4 1 0.0697 -0.1605 2.0000 0.7617 2.0037 8.0000
148 1 3 3 2 2 2 6 5 11.93055 24.65039 1 3 2 4 -0.3819 -0.5865 8.0000 -2.1191 -0.9724 5.0000
37 2 3 3 2 1 1 7 8 11.03106 38.01221 2 1 1 2 0.4102 -2.1040 8.0000 2.3142 -0.2837 5.0000
49 1 1 2 2 1 2 6 3 19.12308 12.03521 3 4 3 3 -0.1909 -0.3936 5.0000 -0.0912 0.4278 5.0000
84 2 2 2 1 1 2 1 8 22.54739 14.69956 4 3 4 4 1.2373 0.5137 5.0000 0.4627 -0.2704 2.0000
83 2 2 1 3 1 2 1 8 0.9460258 9.883533 2 1 1 3 0.5358 0.0088 2.0000 1.7534 -1.2331 8.0000
73 2 1 1 2 1 2 3 1 36.99866 44.4278 3 3 3 2 -0.3225 0.4280 2.0000 0.3124 0.3062 5.0000
89 2 2 3 3 1 2 4 2 13.54027 40.71297 3 3 1 1 -1.8285 1.1187 8.0000 0.1602 2.1376 8.0000
36 2 3 3 1 1 1 1 8 41.67855 16.31699 1 3 1 1 1.6010 1.4254 8.0000 0.8182 -0.4476 2.0000
29 2 2 3 3 1 1 4 8 29.42222 30.70628 2 2 4 4 -2.0649 0.5757 8.0000 2.0772 -0.5292 8.0000
40 3 3 1 2 1 1 8 5 2.780866 33.73747 2 3 4 3 0.6907 -0.6267 2.0000 -1.9389 -1.2949 5.0000
135 1 2 2 1 2 2 6 2 25.31721 43.0272 1 3 1 2 -0.1473 -0.4119 5.0000 0.0184 0.5356 2.0000
112 3 2 2 2 1 2 3 4 39.54522 30.43117 1 1 2 2 -1.4845 1.7979 5.0000 -1.2967 0.3370 5.0000
96 2 3 3 1 1 2 6 8 17.80338 12.20248 4 3 4 2 -0.9797 -1.9066 8.0000 0.7839 -0.5052 2.0000
155 2 2 3 3 2 2 7 4 9.072545 34.54162 4 1 1 1 0.3380 -2.1168 8.0000 -2.1080 0.3891 8.0000
146 1 3 2 3 2 2 8 4 41.08319 18.79381 4 3 1 4 0.4364 -0.0299 5.0000 -3.3470 1.6474 8.0000
104 3 1 2 3 1 2 4 3 43.88135 38.77993 4 4 3 1 -2.3311 0.0455 5.0000 -0.4384 0.5456 8.0000
10 1 2 2 2 1 1 5 6 20.51966 11.85865 4 3 2 4 -0.4097 -0.1533 5.0000 -0.7324 -1.1218 5.0000
151 2 2 1 2 2 2 7 8 0.6733418 12.22436 3 3 4 2 0.0063 -0.5359 2.0000 1.1265 -0.7253 5.0000
56 1 2 1 3 1 2 2 4 16.36117 25.80403 1 3 2 1 0.0839 0.1536 2.0000 -2.0244 0.7048 8.0000
39 3 3 1 1 1 1 8 2 27.96796 22.89278 4 2 3 4 0.8917 -0.2732 2.0000 0.3510 0.8641 2.0000
63 1 3 1 1 1 2 2 1 20.75461 5.719838 2 2 1 1 0.0719 0.1595 2.0000 0.9280 0.0929 2.0000
170 3 3 3 3 2 2 5 3 20.63237 0.427469 3 2 2 2 -3.4912 -1.3145 8.0000 -0.0278 3.7304 8.0000
4 1 1 2 3 1 1 3 7 10.31954 32.47322 4 1 2 3 -0.0784 0.4304 5.0000 0.3758 -0.5905 8.0000
98 2 3 3 3 1 2 8 2 16.68891 39.56063 4 1 2 4 1.8872 -1.0166 8.0000 0.3536 3.7137 8.0000
45 1 1 1 1 1 2 8 6 38.11988 43.09063 4 4 3 3 0.1737 -0.0210 2.0000 -0.0058 -0.1749 2.0000
144 1 3 2 1 2 2 1 6 19.34208 13.36951 1 4 4 4 0.4128 0.1449 5.0000 -0.4891 -0.7941 2.0000
78 2 1 3 1 1 2 1 8 7.160629 3.432804 4 3 4 2 2.1269 0.2672 8.0000 0.1309 -0.1161 2.0000
15 1 3 1 1 1 1 4 7 1.274323 36.4761 3 3 1 2 -0.1264 0.1209 2.0000 0.5544 -0.7499 2.0000
85 2 2 2 2 1 2 4 6 10.71166 24.12582 1 2 4 3 -1.1069 0.7548 5.0000 -0.4774 -1.2518 5.0000
72 2 1 1 1 1 2 8 3 9.601042 33.81658 4 1 1 1 0.4368 -0.3104 2.0000 -0.0974 0.1454 2.0000
1 1 1 1 2 1 1 2 6 0.7300168 6.033597 3 3 1 3 0.1221 0.1253 2.0000 -0.2751 -0.3401 5.0000
5 1 1 3 3 1 1 5 3 44.95218 14.4062 2 4 3 1 -0.4953 -0.4945 8.0000 -0.1741 0.6779 8.0000
153 2 2 2 2 2 2 6 3 9.246105 1.960024 2 3 4 4 -0.7828 -1.0873 5.0000 -0.0458 1.3390 5.0000
101 3 1 1 3 1 2 2 4 2.535251 3.745431 2 1 1 3 0.6296 0.6880 2.0000 -0.5262 0.4615 8.0000
53 1 1 3 3 1 2 4 6 10.56459 36.33374 2 1 1 3 -0.5773 0.3958 8.0000 -0.1055 -0.6919 8.0000
57 1 2 2 1 1 2 7 4 5.698755 35.25096 1 1 3 3 0.0434 -0.4353 5.0000 -0.5282 0.0907 2.0000
59 1 2 2 3 1 2 6 8 2.219657 10.04949 2 2 1 1 -0.2971 -0.3211 5.0000 1.7570 -1.2280 8.0000
152 2 2 1 3 2 2 8 5 18.42124 9.424532 4 4 1 4 0.4793 -0.2398 2.0000 -2.1147 -0.3510 8.0000
117 3 3 1 1 1 2 6 4 15.56884 32.17361 2 3 1 1 -0.4583 -0.8123 2.0000 -0.9093 0.2070 2.0000
132 1 2 1 1 2 2 6 4 12.45809 9.398863 1 4 2 4 -0.0941 -0.1475 2.0000 -0.4357 0.3120 2.0000
140 1 2 3 3 2 2 5 4 30.74386 39.97392 4 1 3 3 -0.6015 -0.3578 8.0000 -2.1354 0.1878 8.0000
162 2 3 3 1 2 2 6 5 26.8468 2.065993 2 1 4 2 -0.6679 -2.0369 8.0000 -0.9320 -0.0336 2.0000
95 2 3 2 3 1 2 3 4 28.19613 41.95672 1 3 3 2 -0.6330 1.1808 5.0000 -3.7252 0.1981 8.0000
87 2 2 3 1 1 2 5 2 41.65535 36.248 2 4 2 1 -1.6016 -1.4247 8.0000 0.0815 0.5297 2.0000
55 1 2 1 2 1 2 5 7 16.9581 17.05517 4 4 2 3 -0.1674 -0.0510 2.0000 0.3929 -1.2808 5.0000
25 2 2 1 2 1 1 4 5 29.96988 7.901214 4 2 2 2 -0.5176 0.1390 2.0000 -1.3270 -0.1842 5.0000
81 2 2 1 1 1 2 1 4 20.79875 34.40871 3 4 2 4 0.5010 0.1903 2.0000 -0.5268 0.0985 2.0000
22 1 3 3 2 1 1 6 2 6.765298 10.02038 3 2 2 2 -0.4332 -0.5498 8.0000 1.3366 1.9104 5.0000
131 1 1 3 3 2 2 2 5 3.242936 2.498896 3 4 3 1 0.4661 0.5221 8.0000 -0.6992 -0.0305 8.0000
103 3 1 2 2 1 2 7 7 9.41532 7.276511 2 3 1 3 0.3814 -2.3001 5.0000 0.0554 -0.4339 5.0000
158 2 3 1 3 2 2 3 4 35.37703 16.98161 1 1 4 2 -0.3103 0.4370 2.0000 -3.2932 1.7524 8.0000
24 2 2 1 1 1 1 1 6 31.26227 26.42863 4 1 2 3 0.4581 0.2781 2.0000 -0.1707 -0.5080 2.0000
41 3 3 1 3 1 1 7 8 33.08724 11.96993 1 3 1 1 0.5091 -0.7814 2.0000 3.1276 -2.0334 8.0000
99 3 1 1 1 1 2 8 8 40.80901 0.7812202 4 3 2 3 0.9301 -0.0682 2.0000 0.1254 -0.1220 2.0000
157 2 3 1 2 2 2 5 8 32.58822 22.82106 2 4 4 3 -0.4515 -0.2886 2.0000 2.1590 -0.8802 5.0000
106 3 1 3 2 1 2 3 8 40.17205 35.71556 4 2 3 1 -2.4065 2.8505 8.0000 0.4317 -0.0706 5.0000
129 1 1 2 2 2 2 7 4 29.47846 11.20212 2 2 1 4 0.2153 -0.3808 5.0000 -0.3635 0.2433 5.0000
7 1 2 1 2 1 1 4 5 33.88211 39.08018 4 1 3 4 -0.1717 0.0337 2.0000 -1.0400 -0.8446 5.0000
44 3 3 3 3 1 1 4 8 22.9143 30.4597 4 1 4 3 -3.4567 1.4026 8.0000 3.6110 -0.9366 8.0000
124 3 3 3 2 1 2 6 7 18.77312 13.94933 2 3 1 1 -1.6486 -3.3464 8.0000 0.5621 -2.2628 5.0000
