120 3 3 2 1 1 2 5 3 16.66378 19.79255 4 4 2 4 -2.2336 -0.6686 5.0000 -0.3158 0.8775 2.0000
0 1 1 1 1 1 1 8 6 30.97355 37.64682 3 1 1 3 0.1698 -0.0424 2.0000 -0.0224 -0.1735 2.0000
142 1 3 1 2 2 2 6 4 12.11057 16.46563 4 2 2 4 -0.0950 -0.1469 2.0000 -2.0483 1.1137 5.0000
58 1 2 2 2 1 2 1 7 9.200696 37.68268 1 4 3 4 0.4318 0.0699 5.0000 0.8190 -1.0603 5.0000
143 1 3 1 3 2 2 6 3 25.66078 43.43451 4 1 3 1 -0.0579 -0.1651 2.0000 -2.5648 2.7089 8.0000
95 2 3 2 3 1 2 3 1 29.48904 23.23014 2 2 2 1 -0.6595 1.1662 5.0000 3.4280 1.4714 8.0000
25 2 2 1 2 1 1 8 2 27.92405 3.361972 2 2 3 4 0.5123 -0.1574 2.0000 0.8902 1.0013 5.0000
96 2 3 3 1 1 2 1 6 22.78632 17.60486 1 1 1 1 1.9763 0.8302 8.0000 -0.4291 -0.8280 2.0000
92 2 3 1 3 1 2 4 2 4.166426 6.237327 4 4 4 4 -0.4055 0.3504 2.0000 2.3356 2.9088 8.0000
49 1 1 2 2 1 2 7 5 18.73353 6.399305 2 2 3 2 0.1405 -0.4143 5.0000 -0.4347 -0.0488 5.0000
17 1 3 1 3 1 1 2 1 41.03433 20.20857 2 3 1 4 0.0121 0.1746 2.0000 3.5008 1.2886 8.0000
21 1 3 3 1 1 1 1 8 21.13822 44.22755 4 2 4 4 0.6528 0.2524 8.0000 0.9325 -0.0126 2.0000
123 3 3 3 1 1 2 2 8 23.00988 20.27437 1 1 3 1 1.3969 3.4591 8.0000 0.8471 -0.3901 2.0000
125 3 3 3 3 1 2 7 2 4.554761 44.28579 4 1 2 1 0.2962 -3.7187 8.0000 0.0465 3.7302 8.0000
16 1 3 1 2 1 1 6 4 27.83527 43.06676 1 4 1 4 -0.0516 -0.1672 2.0000 -2.3302 0.0787 5.0000
10 1 2 2 2 1 1 1 5 2.1054 17.42323 4 2 4 4 0.4371 0.0161 5.0000 -1.2783 -0.4012 5.0000
55 1 2 1 2 1 2 8 6 17.20763 2.605868 4 1 2 4 0.1548 -0.0816 2.0000 -0.9033 -0.9894 5.0000
88 2 2 3 2 1 2 8 7 21.96765 5.167013 2 4 3 2 1.9727 -0.8387 8.0000 0.1207 -1.3343 5.0000
80 2 1 3 3 1 2 3 4 16.57161 43.25692 3 2 1 4 -0.6114 2.0546 8.0000 -0.6996 0.0213 8.0000
162 2 3 3 1 2 2 3 6 18.29465 6.41402 4 4 1 3 -0.6729 2.0352 8.0000 -0.5817 -0.7290 2.0000
64 1 3 1 2 1 2 6 8 14.54343 21.63714 2 1 2 3 -0.0887 -0.1508 2.0000 2.1404 -0.9246 5.0000
166 3 3 1 2 2 2 5 8 20.03863 37.10104 3 1 1 1 -0.8762 -0.3196 2.0000 2.3094 -0.3204 5.0000
117 3 3 1 1 1 2 1 7 12.67871 30.98779 1 1 1 1 0.9099 0.2047 2.0000 0.4802 -0.7995 2.0000
82 2 2 1 2 1 2 3 7 23.0866 12.19158 2 2 1 4 -0.2101 0.4930 2.0000 0.2829 -1.3095 5.0000
1 1 1 1 2 1 1 3 8 5.154364 42.10672 2 4 4 1 -0.0157 0.1743 2.0000 0.4369 -0.0221 5.0000
115 3 2 3 2 1 2 7 8 39.58896 10.47294 2 4 4 2 2.3773 -2.8748 8.0000 1.1038 -0.7594 5.0000
85 2 2 2 2 1 2 8 4 29.45097 4.343896 1 3 1 2 1.2907 -0.3591 5.0000 -1.0164 0.8729 5.0000
98 2 3 3 3 1 2 2 4 10.83526 20.91838 3 2 3 4 1.2038 1.7737 8.0000 -3.4058 1.5222 8.0000
23 1 3 3 3 1 1 1 6 39.10874 33.58759 4 3 2 4 0.5431 0.4415 8.0000 -0.7381 -3.6567 8.0000
48 1 1 2 1 1 2 8 6 2.730097 2.695904 1 2 1 3 0.3237 -0.2942 5.0000 -0.1178 -0.1294 2.0000
7 1 2 1 2 1 1 2 7 29.64949 6.021822 4 1 4 1 0.0463 0.1687 2.0000 0.1405 -1.3324 5.0000
165 3 3 1 1 2 2 2 6 13.69709 14.0272 4 3 4 2 0.4846 0.7969 2.0000 -0.4800 -0.7996 2.0000
57 1 2 2 1 1 2 5 4 8.060822 20.15501 2 4 2 1 -0.4331 -0.0613 5.0000 -0.4863 0.2252 2.0000
138 1 2 3 1 2 2 7 7 15.31825 10.86746 1 1 4 2 0.1849 -0.6750 8.0000 0.1010 -0.5263 2.0000
140 1 2 3 3 2 2 1 6 4.065644 33.08894 4 1 3 2 0.6981 0.0496 8.0000 -0.4424 -2.0974 8.0000
27 2 2 2 2 1 1 7 1 40.16834 25.11841 3 3 4 1 0.8642 -1.0238 5.0000 1.2131 0.5687 5.0000
79 2 1 3 2 1 2 4 6 33.05637 4.370815 2 1 4 4 -2.0972 0.4436 8.0000 -0.2848 -0.3320 5.0000
163 2 3 3 2 2 2 2 2 0.1915848 2.247439 1 4 3 3 1.5107 1.5208 8.0000 1.5827 1.7120 5.0000
110 3 2 1 3 1 2 2 7 31.99797 11.495 2 1 2 3 0.2098 0.9087 2.0000 0.4272 -2.1006 8.0000
154 2 2 2 3 2 2 4 5 23.42292 16.64942 2 4 2 2 -1.2459 0.4927 5.0000 -2.0537 -0.6142 8.0000
133 1 2 1 2 2 2 5 6 17.99486 27.63565 3 1 3 4 -0.1664 -0.0541 2.0000 -0.3998 -1.2787 5.0000
40 3 3 1 2 1 1 5 1 3.743736 18.7372 4 1 2 4 -0.9306 -0.0609 2.0000 2.2080 0.7490 5.0000
28 2 2 2 3 1 1 7 2 18.65356 29.70808 1 3 4 4 0.4285 -1.2694 5.0000 0.5653 2.0677 8.0000
139 1 2 3 2 2 2 3 7 42.66167 32.4991 4 4 1 3 -0.4743 0.5147 8.0000 0.7198 -1.1299 5.0000
56 1 2 1 3 1 2 2 6 13.27729 22.05641 4 4 3 2 0.0920 0.1488 2.0000 -0.8356 -1.9740 8.0000
146 1 3 2 3 2 2 1 2 6.555254 43.76756 2 1 2 2 0.4346 0.0499 5.0000 0.0802 3.7296 8.0000
19 1 3 2 2 1 1 7 6 6.772213 30.86182 2 1 4 1 0.0516 -0.4344 5.0000 -0.5695 -2.2609 5.0000
81 2 2 1 1 1 2 4 7 9.288919 30.19866 3 1 3 3 -0.4351 0.3128 2.0000 0.2696 -0.4632 2.0000
63 1 3 1 1 1 2 8 6 23.82317 21.56629 1 1 4 1 0.1632 -0.0632 2.0000 -0.3709 -0.8557 2.0000
102 3 1 2 1 1 2 4 8 23.7522 39.67314 3 4 3 2 -2.1730 0.8450 5.0000 0.1742 -0.0162 2.0000
124 3 3 3 2 1 2 2 8 31.61985 3.07482 2 4 2 2 0.8633 3.6292 8.0000 1.7347 -1.5578 5.0000
89 2 2 3 3 1 2 2 1 38.26996 4.754591 4 2 4 2 0.2512 2.1288 8.0000 2.1362 0.1777 8.0000
33 2 3 2 1 1 1 8 2 33.09315 25.91416 2 2 1 1 1.3109 -0.2764 5.0000 0.3050 0.8813 2.0000
153 2 2 2 2 2 2 5 3 3.354692 8.950923 4 1 2 1 -1.3375 -0.0784 5.0000 -0.2084 1.3234 5.0000
75 2 1 2 1 1 2 4 5 8.04748 11.14709 4 1 4 2 -1.0706 0.8054 5.0000 -0.1717 -0.0338 2.0000
34 2 3 2 2 1 1 5 2 2.748465 32.17559 3 1 1 3 -1.3382 -0.0642 5.0000 0.5175 2.2734 5.0000
29 2 2 3 3 1 1 5 2 20.35707 11.62998 1 3 4 4 -2.0097 -0.7457 8.0000 1.1791 1.7902 8.0000
106 3 1 3 2 1 2 2 5 29.90134 26.95974 2 3 1 3 0.9717 3.6017 8.0000 -0.3899 -0.1983 5.0000
41 3 3 1 3 1 1 4 1 44.39249 17.82048 2 2 2 4 -0.9326 0.0099 2.0000 3.5515 1.1417 8.0000
42 3 3 2 2 1 1 8 7 16.88354 30.28483 2 2 3 2 2.0564 -1.0988 5.0000 1.1758 -2.0134 5.0000
54 1 2 1 1 1 2 5 5 12.76574 7.048277 3 4 1 1 -0.1707 -0.0387 2.0000 -0.5318 -0.0658 2.0000
129 1 1 2 2 2 2 6 3 32.66995 11.38277 1 4 4 3 -0.0934 -0.4274 5.0000 -0.0863 0.4288 5.0000
18 1 3 2 1 1 1 8 3 41.74975 22.59809 1 4 2 2 0.4367 -0.0248 5.0000 -0.3584 0.8610 2.0000
104 3 1 2 3 1 2 4 4 13.46863 41.47005 2 1 4 2 -1.9873 1.2193 5.0000 -0.6986 0.0431 8.0000
147 1 3 3 1 2 2 6 4 6.363165 19.27135 1 4 3 2 -0.4370 -0.5467 8.0000 -0.8402 0.4049 2.0000
74 2 1 1 3 1 2 5 6 8.196236 29.7861 3 3 3 3 -0.5304 -0.0764 2.0000 -0.1837 -0.6754 8.0000
158 2 3 1 3 2 2 1 4 17.44003 40.15997 1 2 4 1 0.5113 0.1606 2.0000 -3.7172 0.3148 8.0000
164 2 3 3 3 2 2 6 1 17.49203 21.7495 3 2 4 2 -0.9901 -1.9013 8.0000 3.4649 1.3823 8.0000
37 2 3 3 2 1 1 4 3 40.59517 17.88436 3 3 2 3 -2.1373 0.1646 8.0000 -0.7160 2.2189 5.0000
13 1 2 3 2 1 1 1 7 15.4329 23.0071 4 1 4 2 0.6747 0.1863 8.0000 0.5236 -1.2332 5.0000
14 1 2 3 3 1 1 6 4 36.50244 31.04949 1 3 3 3 -0.1034 -0.6922 8.0000 -2.0804 0.5168 8.0000
101 3 1 1 3 1 2 7 8 19.32183 16.59876 2 1 1 3 0.3086 -0.8801 2.0000 0.6157 -0.3329 8.0000
46 1 1 1 2 1 2 4 8 32.80293 18.66246 1 1 3 2 -0.1710 0.0370 2.0000 0.3920 -0.1941 5.0000
69 1 3 3 1 1 2 2 3 30.11619 22.06477 3 3 3 2 0.1798 0.6764 8.0000 -0.3503 0.8643 2.0000
30 2 3 1 1 1 1 6 7 32.95461 0.4613936 3 3 2 1 -0.1118 -0.5241 2.0000 0.0075 -0.9326 2.0000
131 1 1 3 3 2 2 8 4 8.915013 36.67876 3 1 2 2 0.5656 -0.4122 8.0000 -0.6925 0.1013 8.0000
52 1 1 3 2 1 2 2 5 15.85544 35.90724 3 1 2 1 0.3409 0.6113 8.0000 -0.3543 -0.2565 5.0000
160 2 3 2 2 2 2 8 2 21.21392 44.16774 1 3 3 2 1.2259 -0.5404 5.0000 0.0339 2.3313 5.0000
105 3 1 3 1 1 2 2 2 28.18669 29.7211 3 4 3 4 1.0791 3.5710 8.0000 0.0461 0.1688 2.0000
157 2 3 1 2 2 2 6 7 31.26149 16.44891 2 4 4 2 -0.1273 -0.5206 2.0000 0.6602 -2.2361 5.0000
2 1 1 1 3 1 1 3 1 17.75182 9.621529 1 2 1 3 -0.0533 0.1666 2.0000 0.6901 0.1170 8.0000
8 1 2 1 3 1 1 5 2 37.65498 7.8913 1 1 1 4 -0.1385 -0.1069 2.0000 1.2933 1.7095 8.0000
114 3 2 3 1 1 2 7 2 30.06425 42.28138 1 2 1 4 1.8689 -3.2286 8.0000 0.0254 0.5353 2.0000
11 1 2 2 3 1 1 8 1 6.348934 39.75918 4 4 2 4 0.3416 -0.2732 5.0000 1.6479 1.3710 8.0000
61 1 2 3 2 1 2 6 3 4.752751 25.68565 2 1 2 2 -0.4522 -0.5342 8.0000 -0.5807 1.2074 5.0000
35 2 3 2 3 1 1 2 1 15.62976 0.327664 3 3 4 2 0.6571 1.1675 5.0000 3.7304 0.0213 8.0000
32 2 3 1 3 1 1 4 2 22.69347 16.7443 3 3 1 2 -0.4958 0.2034 2.0000 1.7660 3.2860 8.0000
6 1 2 1 1 1 1 4 4 26.09394 29.11217 1 2 1 4 -0.1655 0.0567 2.0000 -0.5154 0.1467 2.0000
136 1 2 2 2 2 2 4 2 39.78256 24.00224 1 2 1 3 -0.4356 0.0398 5.0000 0.4801 1.2508 5.0000
47 1 1 1 3 1 2 7 3 24.28165 42.04029 1 1 4 1 0.0720 -0.1595 2.0000 -0.4687 0.5198 8.0000
122 3 3 2 3 1 2 6 2 34.45035 44.48901 3 1 2 4 -0.4269 -2.2921 5.0000 0.0333 3.7303 8.0000
161 2 3 2 3 2 2 4 1 2.748846 33.32655 1 3 4 3 -0.9917 0.9008 5.0000 3.1170 2.0496 8.0000
113 3 2 2 3 1 2 6 8 44.4992 9.371284 4 4 3 1 -0.0204 -2.3314 5.0000 1.7423 -1.2487 8.0000
118 3 3 1 2 1 2 8 1 21.77062 0.7492644 3 2 1 4 0.8570 -0.3678 2.0000 2.3313 0.0305 5.0000
150 2 2 1 1 2 2 1 6 11.33914 38.19474 2 3 4 4 0.5254 0.1054 2.0000 -0.0635 -0.5321 2.0000
9 1 2 2 1 1 1 4 4 43.71243 27.82316 2 3 4 4 -0.4373 0.0098 5.0000 -0.5120 0.1583 2.0000
15 1 3 1 1 1 1 6 4 7.524846 30.37457 3 4 4 1 -0.1065 -0.1389 2.0000 -0.9024 0.2355 2.0000
83 2 2 1 3 1 2 2 5 27.27191 39.71732 3 2 2 1 0.1632 0.5104 2.0000 -1.6489 -1.3698 8.0000
169 3 3 2 3 2 2 8 2 27.43052 42.42266 3 4 3 4 2.2228 -0.7038 5.0000 0.1678 3.7267 8.0000
99 3 1 1 1 1 2 2 8 15.86054 11.5317 3 3 2 2 0.4541 0.8146 2.0000 0.1460 -0.0965 2.0000
31 2 3 1 2 1 1 4 1 33.11035 22.44319 2 1 3 2 -0.5244 0.1104 2.0000 2.1549 0.8901 5.0000
170 3 3 3 3 2 2 3 5 10.13467 7.544207 4 3 3 4 -0.6564 3.6723 8.0000 -3.6982 -0.4898 8.0000
126 1 1 1 1 2 2 1 6 12.10286 16.65223 3 3 4 4 0.1711 0.0367 2.0000 -0.0831 -0.1540 2.0000
62 1 2 3 3 1 2 4 6 30.20595 37.82944 4 4 2 1 -0.6767 0.1787 8.0000 -0.2676 -2.1268 8.0000
53 1 1 3 3 1 2 2 6 30.82882 31.84436 3 3 1 3 0.1714 0.6786 8.0000 -0.1593 -0.6815 8.0000
73 2 1 1 2 1 2 5 7 41.20346 2.731454 1 3 1 2 -0.4032 -0.3530 2.0000 0.0208 -0.4369 5.0000
60 1 2 3 1 1 2 7 3 28.28299 6.054035 1 1 1 2 0.3316 -0.6164 8.0000 -0.0565 0.5329 2.0000
119 3 3 1 3 1 2 5 2 30.35422 4.334112 1 2 4 4 -0.8048 -0.4713 2.0000 2.4309 2.8296 8.0000
45 1 1 1 1 1 2 6 8 23.19509 25.78887 4 4 1 2 -0.0650 -0.1625 2.0000 0.1652 -0.0576 2.0000
145 1 3 2 2 2 2 3 5 16.46994 28.65344 2 2 1 1 -0.1240 0.4195 5.0000 -2.0460 -1.1180 5.0000
87 2 2 3 1 1 2 7 2 16.55513 30.13514 2 4 3 2 0.6108 -2.0547 8.0000 0.1375 0.5180 2.0000
121 3 3 2 2 1 2 4 6 28.158 20.41352 2 4 4 4 -2.2315 0.6755 5.0000 -0.9701 -2.1201 5.0000
107 3 1 3 3 1 2 6 2 7.147384 16.20421 1 1 4 4 -2.2891 -2.9455 8.0000 0.3371 0.6134 8.0000
77 2 1 2 3 1 2 2 6 31.44351 43.91107 1 1 3 1 0.3140 1.3024 5.0000 -0.0133 -0.6998 8.0000
4 1 1 2 3 1 1 7 3 16.71898 2.704552 3 1 1 1 0.1258 -0.4190 5.0000 -0.0330 0.6991 8.0000
38 2 3 3 3 1 1 6 8 13.80873 39.71091 4 2 2 2 -1.1102 -1.8337 8.0000 3.7146 -0.3439 8.0000
130 1 1 2 3 2 2 3 6 15.88865 16.80196 3 1 1 1 -0.1198 0.4207 5.0000 -0.3307 -0.6168 8.0000
84 2 2 2 1 1 2 4 6 34.56699 29.17593 4 2 1 3 -1.3176 0.2426 5.0000 -0.1461 -0.5156 2.0000
68 1 3 2 3 1 2 5 8 31.09132 22.26687 2 1 2 1 -0.3746 -0.2259 5.0000 3.4407 -1.4416 8.0000
151 2 2 1 2 2 2 3 7 10.49945 24.55217 3 1 4 4 -0.0977 0.5269 2.0000 0.5567 -1.2186 5.0000
93 2 3 2 1 1 2 8 6 5.013092 41.11691 4 3 3 4 1.0265 -0.8609 5.0000 -0.0632 -0.9305 2.0000
148 1 3 3 2 2 2 2 7 2.263237 35.15268 2 3 3 1 0.4750 0.5141 8.0000 1.3424 -1.9063 5.0000
43 3 3 2 3 1 1 1 8 31.37231 35.98506 2 1 1 3 1.9907 1.2138 5.0000 3.6844 -0.5845 8.0000
100 3 1 1 2 1 2 8 6 27.5198 13.59937 2 2 4 2 0.8895 -0.2801 2.0000 -0.2279 -0.3734 5.0000
116 3 2 3 3 1 2 3 6 21.54355 20.67637 2 1 4 2 -1.3699 3.4698 8.0000 -0.8829 -1.9533 8.0000
72 2 1 1 1 1 2 8 3 3.535543 7.07814 2 1 1 4 0.4016 -0.3548 2.0000 -0.0216 0.1736 2.0000
127 1 1 1 2 2 2 3 8 30.33858 35.36584 2 4 2 4 -0.0884 0.1510 2.0000 0.4313 -0.0732 5.0000
152 2 2 1 3 2 2 1 3 26.15435 1.98271 2 4 2 4 0.4810 0.2362 2.0000 -0.0742 2.1423 8.0000
78 2 1 3 1 1 2 7 7 44.75933 29.31598 1 1 3 1 1.5094 -1.5221 8.0000 0.0857 -0.1526 2.0000
134 1 2 1 3 2 2 8 7 32.12236 6.147645 2 2 4 2 0.1706 -0.0390 2.0000 0.2296 -2.1313 8.0000
86 2 2 2 3 1 2 8 4 28.64439 21.59483 3 1 4 2 1.2855 -0.3773 5.0000 -1.9672 0.8515 8.0000
159 2 3 2 1 2 2 1 5 8.196798 17.37142 4 3 3 3 1.3261 0.1910 5.0000 -0.8901 -0.2784 2.0000
167 3 3 1 3 2 2 2 8 4.427501 11.08423 2 1 3 1 0.6066 0.7084 2.0000 3.0958 -2.0815 8.0000
59 1 2 2 3 1 2 2 7 20.84363 11.24578 3 2 2 2 0.1790 0.3991 5.0000 0.4180 -2.1024 8.0000
168 3 3 2 2 2 2 5 7 28.38109 8.781305 4 1 3 2 -2.0513 -1.1083 5.0000 0.3559 -2.3042 5.0000
50 1 1 2 3 1 2 3 6 26.56732 16.86774 3 3 1 2 -0.1956 0.3913 5.0000 -0.3300 -0.6172 8.0000
24 2 2 1 1 1 1 3 1 31.76023 28.79394 2 4 2 3 -0.2821 0.4557 2.0000 0.4696 0.2581 2.0000
67 1 3 2 2 1 2 2 6 34.21992 4.837278 2 4 1 3 0.0818 0.4297 5.0000 -1.5038 -1.7818 5.0000
144 1 3 2 1 2 2 4 8 37.58535 19.56782 1 2 1 2 -0.4338 0.0565 5.0000 0.8422 -0.4005 2.0000
108 3 2 1 1 1 2 8 2 1.067761 20.70424 4 2 3 3 0.6716 -0.6471 2.0000 0.2205 0.4884 2.0000
65 1 3 1 3 1 2 7 8 40.259 11.58828 1 3 1 3 0.1131 -0.1335 2.0000 3.1139 -2.0542 8.0000
103 3 1 2 2 1 2 4 8 22.23656 19.50095 3 3 3 1 -2.1499 0.9021 5.0000 0.3948 -0.1883 5.0000
128 1 1 1 3 2 2 8 4 23.06871 24.01284 4 1 2 2 0.1623 -0.0654 2.0000 -0.6535 0.2507 8.0000
71 1 3 3 3 1 2 5 4 38.83348 35.67516 2 2 2 3 -0.5452 -0.4389 8.0000 -3.6812 0.6045 8.0000
26 2 2 1 3 1 1 8 7 37.37057 16.91744 2 3 2 1 0.5312 -0.0711 2.0000 0.6238 -2.0508 8.0000
94 2 3 2 2 1 2 3 6 23.42432 13.83258 3 3 1 2 -0.5326 1.2293 5.0000 -1.2067 -1.9950 5.0000
137 1 2 2 3 2 2 3 3 42.97876 5.650304 3 3 4 4 -0.2982 0.3200 5.0000 -0.2111 2.1332 8.0000
36 2 3 3 1 1 1 8 1 28.65633 18.00004 1 1 4 1 2.0570 -0.6032 8.0000 0.8870 0.2882 2.0000
97 2 3 3 2 1 2 2 2 38.70461 2.15862 1 4 1 4 0.2351 2.1307 8.0000 1.5854 1.7096 5.0000
12 1 2 3 1 1 1 1 6 10.01399 8.664592 2 1 2 3 0.6892 0.1217 8.0000 -0.3175 -0.4317 2.0000
132 1 2 1 1 2 2 6 5 1.964192 32.3008 4 3 2 4 -0.1194 -0.1279 2.0000 -0.4530 -0.2864 2.0000
20 1 3 2 3 1 1 7 6 13.40468 40.77874 2 4 2 1 0.1014 -0.4255 5.0000 -0.2746 -3.7203 8.0000
44 3 3 3 3 1 1 8 7 17.03333 16.80876 2 1 1 4 3.2948 -1.7494 8.0000 1.0788 -3.5711 8.0000
135 1 2 2 1 2 2 7 3 12.00938 43.0336 2 3 3 2 0.0910 -0.4279 5.0000 -0.3657 0.3917 2.0000
156 2 3 1 1 2 2 4 2 9.626925 27.82559 2 3 2 3 -0.4370 0.3102 2.0000 0.2754 0.8910 2.0000
91 2 3 1 2 1 2 8 7 25.64207 15.87534 3 1 1 2 0.5056 -0.1776 2.0000 0.6378 -2.2426 5.0000
149 1 3 3 3 2 2 3 8 11.09518 6.55231 3 2 1 1 -0.1347 0.6868 8.0000 2.9216 -2.3196 8.0000
70 1 3 3 2 1 2 2 3 6.999257 11.21024 1 1 2 1 0.4309 0.5515 8.0000 -0.4533 2.2871 5.0000
112 3 2 2 2 1 2 8 8 22.28885 3.864296 1 4 3 1 2.1508 -0.9002 5.0000 1.0090 -0.8813 5.0000
3 1 1 2 2 1 1 1 3 21.38804 13.8932 2 2 1 3 0.4073 0.1595 5.0000 -0.1050 0.4246 5.0000
141 1 3 1 1 2 2 2 2 42.05166 2.453781 1 4 1 1 0.0090 0.1747 2.0000 0.6306 0.6871 2.0000
76 2 1 2 2 1 2 5 6 44.34023 18.34888 2 2 2 4 -0.9582 -0.9364 5.0000 -0.1962 -0.3910 5.0000
39 3 3 1 1 1 1 7 2 15.04074 25.07676 2 4 2 1 0.2420 -0.9007 2.0000 0.3178 0.8768 2.0000
111 3 2 2 1 1 2 2 1 20.62828 25.16326 2 2 4 2 0.9621 2.1238 5.0000 0.4850 0.2279 2.0000
109 3 2 1 2 1 2 5 8 38.81373 32.46449 3 1 2 4 -0.7267 -0.5846 2.0000 1.3078 -0.2908 5.0000
90 2 3 1 1 1 2 2 5 7.596198 39.29824 2 3 4 2 0.3255 0.4257 2.0000 -0.7217 -0.5907 2.0000
51 1 1 3 1 1 2 2 6 3.721528 30.73854 3 3 4 4 0.4617 0.5260 8.0000 -0.0431 -0.1696 2.0000
5 1 1 3 3 1 1 2 7 30.17996 38.3318 3 3 3 3 0.1790 0.6766 8.0000 0.4341 -0.5490 8.0000
66 1 3 2 1 1 2 5 3 32.00847 0.4502839 1 3 1 3 -0.3709 -0.2319 5.0000 -0.0073 0.9326 2.0000
22 1 3 3 2 1 1 6 7 29.54853 14.59445 2 4 1 2 -0.1865 -0.6746 8.0000 0.5875 -2.2563 5.0000
155 2 2 3 3 2 2 2 8 15.19527 0.141111 3 3 3 4 1.0655 1.8600 8.0000 1.5195 -1.5120 8.0000
