96 2 3 3 1 1 2 7 8 29.52841 35.39984 2 4 2 4 1.0565 -1.8652 8.0000 0.9196 -0.1555 2.0000
151 2 2 1 2 2 2 1 3 25.39037 41.79977 2 4 4 3 0.4841 0.2298 2.0000 -0.8930 0.9988 5.0000
125 3 3 3 3 1 2 6 3 40.13919 10.17082 1 2 3 1 -0.3161 -3.7170 8.0000 -0.6587 3.6718 8.0000
11 1 2 2 3 1 1 8 3 12.43518 1.758896 2 1 2 1 0.3687 -0.2355 5.0000 -0.0658 2.1426 8.0000
47 1 1 1 3 1 2 1 5 37.95741 9.045809 4 4 2 2 0.1380 0.1076 2.0000 -0.6912 -0.1100 8.0000
156 2 3 1 1 2 2 8 7 32.31535 24.89383 2 3 2 3 0.5228 -0.1177 2.0000 0.3926 -0.8460 2.0000
38 2 3 3 3 1 1 7 5 18.13954 33.29893 3 4 1 2 0.6674 -2.0371 8.0000 -3.1180 -2.0480 8.0000
160 2 3 2 2 2 2 2 6 16.39478 20.75165 1 4 2 3 0.6414 1.1762 5.0000 -0.9575 -2.1258 5.0000
120 3 3 2 1 1 2 8 4 32.29382 16.93735 4 1 2 2 2.2744 -0.5128 5.0000 -0.8230 0.4387 2.0000
72 2 1 1 1 1 2 3 8 31.28356 14.26748 4 1 3 1 -0.2783 0.4580 2.0000 0.1504 -0.0894 2.0000
21 1 3 3 1 1 1 7 3 0.7330424 17.73737 4 2 4 4 0.0090 -0.6999 8.0000 -0.2841 0.8883 2.0000
75 2 1 2 1 1 2 6 6 10.8985 41.09884 3 1 3 1 -0.7511 -1.1094 5.0000 -0.0119 -0.1746 2.0000
45 1 1 1 1 1 2 3 6 17.07203 24.04427 1 4 1 1 -0.0514 0.1673 2.0000 -0.0626 -0.1634 2.0000
42 3 3 2 2 1 1 2 6 37.09305 6.492244 1 1 4 4 0.3207 2.3094 5.0000 -1.4517 -1.8245 5.0000
9 1 2 2 1 1 1 3 5 7.922741 15.36147 2 4 4 2 -0.0603 0.4333 5.0000 -0.5168 -0.1420 2.0000
89 2 2 3 3 1 2 7 2 42.65973 11.248 1 4 3 4 1.4526 -1.5764 8.0000 1.1910 1.7823 8.0000
51 1 1 3 1 1 2 7 1 30.48953 34.61813 2 3 2 3 0.3551 -0.6031 8.0000 0.1440 0.0994 2.0000
46 1 1 1 2 1 2 1 4 43.42245 15.5808 2 1 3 2 0.1271 0.1203 2.0000 -0.3810 0.2149 5.0000
4 1 1 2 3 1 1 3 1 37.1722 42.9255 3 4 1 3 -0.2643 0.3486 5.0000 0.5125 0.4767 8.0000
140 1 2 3 3 2 2 4 1 14.42417 14.56285 4 4 3 2 -0.6026 0.3560 8.0000 2.0747 0.5390 8.0000
168 3 3 2 2 2 2 7 5 9.584879 39.36361 4 3 2 1 0.3882 -2.2990 5.0000 -1.8026 -1.4788 5.0000
163 2 3 3 2 2 2 5 2 2.480872 3.437063 1 1 1 2 -2.1416 -0.0928 8.0000 1.5468 1.7445 5.0000
114 3 2 3 1 1 2 5 2 37.57385 32.64924 1 4 1 2 -2.9566 -2.2748 8.0000 0.1146 0.5235 2.0000
68 1 3 2 3 1 2 8 1 31.8831 21.95542 1 3 1 1 0.4260 -0.0993 5.0000 3.4599 1.3948 8.0000
115 3 2 3 2 1 2 5 6 33.17579 0.310691 4 2 1 4 -3.1224 -2.0413 8.0000 -0.9422 -0.9525 5.0000
59 1 2 2 3 1 2 5 3 31.79656 21.62629 4 1 1 3 -0.3718 -0.2305 5.0000 -0.7900 1.9927 8.0000
130 1 1 2 3 2 2 2 6 42.02502 29.33109 1 1 1 2 0.0227 0.4369 5.0000 -0.1890 -0.6739 8.0000
10 1 2 2 2 1 1 6 2 44.96694 28.8242 2 4 1 4 -0.0003 -0.4374 5.0000 0.3732 1.2867 5.0000
101 3 1 1 3 1 2 3 3 18.27272 1.615977 2 3 2 4 -0.2924 0.8856 2.0000 -0.0197 0.6996 8.0000
169 3 3 2 3 2 2 4 6 29.19104 5.042124 4 1 1 4 -2.2433 0.6352 5.0000 -2.3958 -2.8595 8.0000
147 1 3 3 1 2 2 4 6 24.05529 29.49383 3 4 3 1 -0.6537 0.2502 8.0000 -0.2493 -0.8987 2.0000
33 2 3 2 1 1 1 4 4 3.745582 12.73701 4 2 4 3 -1.0072 0.8834 5.0000 -0.7886 0.4978 2.0000
155 2 2 3 3 2 2 1 6 40.26363 7.176159 1 4 2 4 1.6357 1.3854 8.0000 -1.3145 -1.6932 8.0000
53 1 1 3 3 1 2 6 1 42.78174 41.34807 4 3 3 2 -0.0271 -0.6994 8.0000 0.5254 0.4624 8.0000
102 3 1 2 1 1 2 8 3 21.65508 6.973996 4 1 1 2 2.1407 -0.9239 5.0000 -0.0212 0.1737 2.0000
43 3 3 2 3 1 1 1 8 41.47873 27.8596 4 1 4 1 1.7468 1.5443 5.0000 3.5648 -1.0994 8.0000
138 1 2 3 1 2 2 2 7 42.07379 36.82317 4 4 1 3 0.0357 0.6990 8.0000 0.3212 -0.4290 2.0000
20 1 3 2 3 1 1 1 6 10.00244 16.96815 4 3 4 4 0.4308 0.0760 5.0000 -1.7532 -3.2928 8.0000
39 3 3 1 1 1 1 3 5 40.74656 0.7238692 2 3 4 2 -0.6087 0.7066 2.0000 -0.9325 -0.0118 2.0000
48 1 1 2 1 1 2 2 6 22.38533 34.98509 1 2 2 1 0.1682 0.4038 5.0000 -0.0304 -0.1723 2.0000
153 2 2 2 2 2 2 7 5 36.64302 25.80111 1 1 3 2 0.7996 -1.0750 5.0000 -1.2062 -0.5831 5.0000
13 1 2 3 2 1 1 4 7 22.43219 44.4149 3 2 2 3 -0.6463 0.2686 8.0000 0.9376 -0.9570 5.0000
111 3 2 2 1 1 2 2 6 4.306507 41.23545 2 2 3 2 1.5202 1.7678 5.0000 -0.0352 -0.5347 2.0000
134 1 2 1 3 2 2 6 8 41.2368 33.74994 1 4 1 3 -0.0115 -0.1746 2.0000 2.1024 -0.4182 8.0000
146 1 3 2 3 2 2 8 6 18.93464 8.95471 2 2 1 4 0.3930 -0.1922 5.0000 -2.1951 -3.0163 8.0000
50 1 1 2 3 1 2 8 4 36.03182 42.73661 1 3 4 1 0.4321 -0.0682 5.0000 -0.6994 0.0276 8.0000
154 2 2 2 3 2 2 5 3 34.26398 37.25466 3 1 1 3 -1.1072 -0.7543 5.0000 -1.2976 1.7062 8.0000
31 2 3 1 2 1 1 4 6 37.42395 30.27519 2 3 2 2 -0.5312 0.0707 2.0000 -0.5926 -2.2550 5.0000
87 2 2 3 1 1 2 1 4 19.59103 37.40813 3 4 3 1 2.0195 0.7188 8.0000 -0.5312 0.0708 2.0000
159 2 3 2 1 2 2 5 6 33.68998 40.80706 4 3 3 1 -1.1147 -0.7432 5.0000 -0.0682 -0.9301 2.0000
92 2 3 1 3 1 2 8 8 7.794918 34.75761 2 4 4 4 0.4268 -0.3240 2.0000 3.6710 -0.6633 8.0000
14 1 2 3 3 1 1 5 3 29.70509 22.51093 3 2 1 1 -0.6079 -0.3468 8.0000 -0.8207 1.9803 8.0000
19 1 3 2 2 1 1 3 3 42.67514 19.10824 2 1 2 3 -0.2965 0.3216 5.0000 -0.7632 2.2031 5.0000
143 1 3 1 3 2 2 5 8 43.50307 12.80506 2 2 3 1 -0.1269 -0.1205 2.0000 3.1569 -1.9876 8.0000
74 2 1 1 3 1 2 1 6 10.18003 14.37546 4 4 1 3 0.5275 0.0947 2.0000 -0.3565 -0.6023 8.0000
126 1 1 1 1 2 2 8 2 6.058134 31.47489 2 2 4 3 0.1361 -0.1100 2.0000 0.0409 0.1701 2.0000
86 2 2 2 3 1 2 4 3 19.85651 0.777669 4 2 2 2 -1.2128 0.5692 5.0000 -0.0291 2.1434 8.0000
104 3 1 2 3 1 2 8 8 27.47808 7.631974 3 1 1 1 2.2234 -0.7020 5.0000 0.5563 -0.4248 8.0000
106 3 1 3 2 1 2 4 2 43.16796 37.33138 2 3 4 2 -3.7286 0.1193 8.0000 0.0584 0.4335 5.0000
61 1 2 3 2 1 2 8 5 9.395644 24.3984 4 3 1 3 0.5691 -0.4075 8.0000 -1.2201 -0.5534 5.0000
81 2 2 1 1 1 2 7 3 0.8914214 19.42782 3 2 2 2 0.0083 -0.5358 2.0000 -0.1783 0.5054 2.0000
6 1 2 1 1 1 1 1 6 21.08665 35.00471 4 4 3 1 0.1633 0.0630 2.0000 -0.0930 -0.5278 2.0000
107 3 1 3 3 1 2 3 7 40.48081 42.52248 4 1 2 3 -2.4218 2.8375 8.0000 0.4731 -0.5158 8.0000
139 1 2 3 2 2 2 3 7 43.39614 1.911793 4 4 2 1 -0.4809 0.5086 8.0000 0.0447 -1.3390 5.0000
123 3 3 3 1 1 2 5 2 33.53856 17.89891 3 4 2 3 -3.1094 -2.0611 8.0000 0.4249 0.8302 2.0000
70 1 3 3 2 1 2 4 8 6.19946 24.53649 4 1 3 1 -0.5455 0.4386 8.0000 2.1844 -0.8151 5.0000
8 1 2 1 3 1 1 8 2 26.32012 33.82238 2 2 4 3 0.1658 -0.0560 2.0000 0.4155 2.1029 8.0000
73 2 1 1 2 1 2 6 7 7.734788 22.1801 4 3 3 2 -0.3245 -0.4265 2.0000 0.1651 -0.4051 5.0000
36 2 3 3 1 1 1 6 7 12.19832 27.29284 2 3 1 4 -1.1613 -1.8018 8.0000 0.4276 -0.8288 2.0000
100 3 1 1 2 1 2 4 5 24.88746 13.9275 3 2 4 4 -0.8757 0.3207 2.0000 -0.4246 -0.1053 5.0000
142 1 3 1 2 2 2 7 2 42.11971 5.739713 4 2 4 2 0.1174 -0.1298 2.0000 1.4755 1.8053 5.0000
95 2 3 2 3 1 2 1 3 41.23722 2.78556 1 3 3 4 1.0075 0.8831 5.0000 -0.1813 3.7261 8.0000
15 1 3 1 1 1 1 3 8 35.94954 36.34898 2 1 2 2 -0.1027 0.1417 2.0000 0.9220 -0.1403 2.0000
85 2 2 2 2 1 2 8 5 33.17451 8.674441 3 4 2 2 1.3113 -0.2746 5.0000 -1.3244 -0.2021 5.0000
164 2 3 3 3 2 2 5 7 2.760551 37.66265 2 2 1 1 -2.1411 -0.1032 8.0000 2.2794 -2.9531 8.0000
167 3 3 1 3 2 2 2 5 2.864197 18.3957 3 2 1 2 0.6257 0.6916 2.0000 -3.5398 -1.1773 8.0000
22 1 3 3 2 1 1 7 4 31.2596 19.02537 4 2 2 3 0.3632 -0.5983 8.0000 -2.0960 1.0212 5.0000
162 2 3 3 1 2 2 6 5 40.06719 18.53178 4 3 1 2 -0.1843 -2.1357 8.0000 -0.8843 -0.2964 2.0000
124 3 3 3 2 1 2 7 4 31.12032 44.14907 4 4 1 2 1.9280 -3.1936 8.0000 -2.3313 0.0346 5.0000
131 1 1 3 3 2 2 2 6 23.7995 37.24453 3 4 4 3 0.2531 0.6525 8.0000 -0.0944 -0.6935 8.0000
113 3 2 2 3 1 2 3 2 43.35966 8.319344 3 2 4 3 -1.6008 1.6952 5.0000 1.2805 1.7191 8.0000
141 1 3 1 1 2 2 7 5 9.088113 2.755149 4 2 3 3 0.0276 -0.1728 2.0000 -0.9315 -0.0448 2.0000
137 1 2 2 3 2 2 8 3 40.19178 19.86075 2 3 1 1 0.4359 -0.0367 5.0000 -0.7283 2.0161 8.0000
136 1 2 2 2 2 2 8 6 8.879281 19.7206 3 1 2 1 0.3534 -0.2579 5.0000 -0.5721 -1.2114 5.0000
63 1 3 1 1 1 2 2 4 1.658823 4.175508 1 3 2 4 0.1201 0.1273 2.0000 -0.7057 0.6097 2.0000
60 1 2 3 1 1 2 8 2 44.98848 5.962255 4 1 1 1 0.6999 -0.0001 8.0000 0.3375 0.4162 2.0000
109 3 2 1 2 1 2 2 1 38.28199 5.387962 1 2 3 3 0.1091 0.9262 2.0000 1.3338 0.1258 5.0000
0 1 1 1 1 1 1 8 2 13.68 43.94244 1 4 4 4 0.1495 -0.0910 2.0000 0.0032 0.1749 2.0000
29 2 2 3 3 1 1 2 5 3.500342 4.874459 2 2 2 1 1.4204 1.6055 8.0000 -2.1358 -0.1821 8.0000
161 2 3 2 3 2 2 6 1 5.978933 36.02699 3 2 1 4 -0.8435 -1.0409 5.0000 3.0170 2.1941 8.0000
17 1 3 1 3 1 1 3 4 32.47395 6.318689 2 1 4 3 -0.0939 0.1476 2.0000 -2.9121 2.3315 8.0000
118 3 3 1 2 1 2 5 7 33.58187 2.243888 3 2 2 3 -0.7770 -0.5159 2.0000 0.0913 -2.3298 5.0000
135 1 2 2 1 2 2 4 5 29.46171 24.10414 2 2 2 1 -0.4215 0.1172 5.0000 -0.4892 -0.2189 2.0000
170 3 3 3 3 2 2 6 7 9.065104 41.40009 4 1 3 3 -2.1893 -3.0205 8.0000 2.4670 -2.7983 8.0000
16 1 3 1 2 1 1 1 5 27.90173 37.1614 1 4 3 3 0.1546 0.0819 2.0000 -1.8581 -1.4084 5.0000
65 1 3 1 3 1 2 4 6 31.32184 19.73222 3 1 4 4 -0.1700 0.0414 2.0000 -1.5923 -3.3735 8.0000
52 1 1 3 2 1 2 7 5 20.65622 13.1546 2 4 1 4 0.2469 -0.6549 8.0000 -0.4260 -0.0996 5.0000
158 2 3 1 3 2 2 5 1 5.435475 11.27391 3 1 1 4 -0.5335 -0.0508 2.0000 3.6585 0.7293 8.0000
56 1 2 1 3 1 2 1 2 5.284107 38.74172 1 2 4 4 0.1742 0.0161 2.0000 0.2337 2.1308 8.0000
40 3 3 1 2 1 1 4 6 37.05003 22.80158 4 4 4 3 -0.9237 0.1290 2.0000 -0.8809 -2.1587 5.0000
82 2 2 1 2 1 2 3 8 5.920392 30.31695 1 2 1 4 -0.0553 0.5330 2.0000 1.2960 -0.3396 5.0000
157 2 3 1 2 2 2 7 2 22.28476 37.07741 1 4 4 2 0.2032 -0.4959 2.0000 0.3214 2.3093 5.0000
127 1 1 1 2 2 2 4 1 37.67715 5.365395 1 1 1 2 -0.1736 0.0223 2.0000 0.4355 0.0409 5.0000
103 3 1 2 2 1 2 7 7 13.19816 40.42266 2 2 4 3 0.5323 -2.2700 5.0000 0.2836 -0.3330 5.0000
116 3 2 3 3 1 2 5 7 4.01473 34.83544 1 2 3 2 -3.7213 -0.2612 8.0000 1.2245 -1.7595 8.0000
112 3 2 2 2 1 2 2 2 5.207417 26.98939 1 3 2 4 1.4922 1.7915 5.0000 0.4142 1.2741 5.0000
93 2 3 2 1 1 2 6 1 17.28579 31.56187 4 4 2 1 -0.6231 -1.1860 5.0000 0.7947 0.4881 2.0000
44 3 3 3 3 1 1 3 7 7.357873 12.85188 2 4 4 2 -0.4777 3.6997 8.0000 0.8298 -3.6370 8.0000
7 1 2 1 2 1 1 2 4 19.75364 26.65845 3 4 4 3 0.0746 0.1583 2.0000 -1.2717 0.4216 5.0000
121 3 3 2 2 1 2 6 2 18.65131 7.812164 1 2 2 1 -1.0348 -2.0893 5.0000 1.4093 1.8574 5.0000
122 3 3 2 3 1 2 6 8 35.17882 21.06462 3 3 3 4 -0.3977 -2.2974 5.0000 3.4097 -1.5135 8.0000
132 1 2 1 1 2 2 1 3 18.59892 37.13289 4 2 2 1 0.1658 0.0558 2.0000 -0.3235 0.4272 2.0000
166 3 3 1 2 2 2 4 2 44.99098 40.70642 3 1 4 3 -0.9326 0.0001 2.0000 0.1746 2.3250 5.0000
77 2 1 2 3 1 2 7 5 13.46195 0.4226249 1 2 4 3 0.3119 -1.3029 5.0000 -0.6999 -0.0052 8.0000
1 1 1 1 2 1 1 1 5 31.22683 12.61565 2 1 4 3 0.1496 0.0907 2.0000 -0.4269 -0.0955 5.0000
144 1 3 2 1 2 2 2 3 3.116646 22.78081 4 4 4 2 0.2920 0.3257 5.0000 -0.3611 0.8599 2.0000
149 1 3 3 3 2 2 7 1 11.65771 10.61334 1 4 3 2 0.1414 -0.6855 8.0000 3.6666 0.6871 8.0000
108 3 2 1 1 1 2 8 2 10.12348 5.399394 1 1 4 2 0.7651 -0.5333 2.0000 0.3416 0.4129 2.0000
98 2 3 3 3 1 2 6 5 26.14462 3.026052 2 1 4 2 -0.6928 -2.0286 8.0000 -3.7253 -0.1969 8.0000
165 3 3 1 1 2 2 8 2 28.82529 27.36319 1 3 4 4 0.8957 -0.2598 2.0000 0.2826 0.8888 2.0000
49 1 1 2 2 1 2 6 8 23.18341 34.46487 1 2 1 4 -0.1626 -0.4061 5.0000 0.4301 -0.0800 5.0000
67 1 3 2 2 1 2 5 2 20.50778 23.50188 1 4 3 1 -0.4097 -0.1533 5.0000 0.8544 2.1693 5.0000
2 1 1 1 3 1 1 2 1 19.7311 2.553291 4 3 1 3 0.0747 0.1582 2.0000 0.6992 0.0312 8.0000
94 2 3 2 2 1 2 2 6 36.91826 27.00873 2 4 2 2 0.1883 1.3264 5.0000 -0.7201 -2.2175 5.0000
148 1 3 3 2 2 2 6 2 3.672341 41.71638 1 2 3 1 -0.4622 -0.5256 8.0000 0.1335 2.3277 5.0000
71 1 3 3 3 1 2 2 2 9.2876 17.97939 4 1 4 3 0.4085 0.5683 8.0000 1.6948 3.3233 8.0000
28 2 2 2 3 1 1 1 2 0.4851097 43.95057 2 1 3 1 1.3397 0.0113 5.0000 0.0393 2.1432 8.0000
12 1 2 3 1 1 1 1 2 7.217256 1.943534 2 2 3 1 0.6944 0.0879 8.0000 0.3659 0.3916 2.0000
23 1 3 3 3 1 1 4 6 20.56788 41.91412 4 3 1 2 -0.6372 0.2895 8.0000 -0.2008 -3.7251 8.0000
110 3 2 1 3 1 2 6 5 15.64395 36.21785 2 3 4 1 -0.4572 -0.8129 2.0000 -1.7294 -1.2666 8.0000
145 1 3 2 2 2 2 1 2 23.41909 34.55993 2 4 4 1 0.4014 0.1739 5.0000 0.4225 2.2929 5.0000
99 3 1 1 1 1 2 3 1 7.616734 34.59972 2 4 1 1 -0.1236 0.9244 2.0000 0.1440 0.0994 2.0000
64 1 3 1 2 1 2 1 6 38.76316 34.08207 1 2 1 2 0.1364 0.1096 2.0000 -0.4416 -2.2893 5.0000
41 3 3 1 3 1 1 3 7 22.05272 1.86053 3 2 2 3 -0.3502 0.8644 2.0000 0.1211 -3.7285 8.0000
34 2 3 2 2 1 1 7 6 34.74023 22.65524 1 3 4 1 0.7635 -1.1009 5.0000 -0.8864 -2.1565 5.0000
90 2 3 1 1 1 2 2 8 0.5463767 21.79445 1 3 3 3 0.3753 0.3825 2.0000 0.8572 -0.3675 2.0000
62 1 2 3 3 1 2 2 2 34.91776 19.64221 3 2 3 4 0.1225 0.6891 8.0000 0.9180 1.9371 8.0000
55 1 2 1 2 1 2 3 5 32.78769 25.24871 4 1 4 2 -0.0948 0.1471 2.0000 -1.2118 -0.5715 5.0000
76 2 1 2 2 1 2 1 6 37.44279 34.69445 1 3 2 1 1.0637 0.8145 5.0000 -0.0783 -0.4304 5.0000
32 2 3 1 3 1 1 4 2 0.09339452 43.2096 2 3 4 3 -0.3796 0.3783 2.0000 0.1166 3.7286 8.0000
117 3 3 1 1 1 2 5 8 42.43392 32.33331 4 3 4 4 -0.6883 -0.6293 2.0000 0.9099 -0.2045 2.0000
25 2 2 1 2 1 1 4 6 11.98647 4.481902 4 1 4 1 -0.4494 0.2920 2.0000 -0.8704 -1.0185 5.0000
150 2 2 1 1 2 2 1 4 12.63933 20.11427 2 1 3 4 0.5229 0.1173 2.0000 -0.4861 0.2255 2.0000
54 1 2 1 1 1 2 5 1 1.80547 38.57936 1 1 3 1 -0.1749 -0.0055 2.0000 0.4189 0.3342 2.0000
80 2 1 3 3 1 2 3 4 2.826523 8.842251 3 4 1 1 -0.1057 2.1410 8.0000 -0.5651 0.4130 8.0000
5 1 1 3 3 1 1 7 4 20.1456 11.94406 1 4 3 2 0.2411 -0.6571 8.0000 -0.5866 0.3818 8.0000
26 2 2 1 3 1 1 1 2 9.668752 7.52836 1 3 2 2 0.5283 0.0900 2.0000 1.3041 1.7013 8.0000
27 2 2 2 2 1 1 7 6 27.53059 9.087753 2 2 3 3 0.6193 -1.1880 5.0000 -0.7858 -1.0851 5.0000
84 2 2 2 1 1 2 7 6 18.85552 35.2915 4 3 1 1 0.4330 -1.2679 5.0000 -0.0904 -0.5282 2.0000
83 2 2 1 3 1 2 8 6 8.770357 23.13231 1 2 4 1 0.4323 -0.3167 2.0000 -0.7984 -1.9894 8.0000
129 1 1 2 2 2 2 2 8 29.02606 4.257047 2 2 4 2 0.1204 0.4206 5.0000 0.3314 -0.2855 5.0000
105 3 1 3 1 1 2 7 4 0.4186875 6.921435 1 2 4 1 0.0273 -3.7304 8.0000 -0.1377 0.1079 2.0000
128 1 1 1 3 2 2 3 6 0.1810974 25.65535 2 1 4 1 -0.0006 0.1750 2.0000 -0.2318 -0.6604 8.0000
69 1 3 3 1 1 2 3 5 10.60809 5.846481 3 2 2 3 -0.1288 0.6879 8.0000 -0.9278 -0.0950 2.0000
58 1 2 2 2 1 2 2 6 38.62663 22.14822 3 4 4 3 0.0486 0.4347 5.0000 -0.5203 -1.2346 5.0000
57 1 2 2 1 1 2 2 1 30.02813 23.82921 1 4 3 2 0.1130 0.4226 5.0000 0.4902 0.2165 2.0000
152 2 2 1 3 2 2 3 1 33.61503 36.30643 1 3 2 2 -0.2967 0.4463 2.0000 1.7274 1.2692 8.0000
18 1 3 2 1 1 1 1 1 26.90421 23.35997 3 4 4 2 0.3901 0.1979 5.0000 0.8562 0.3698 2.0000
79 2 1 3 2 1 2 2 4 38.18513 44.54609 2 2 1 1 0.2544 2.1284 8.0000 -0.4374 0.0035 5.0000
37 2 3 3 2 1 1 7 4 40.40525 7.533751 3 3 4 1 1.3895 -1.6323 8.0000 -1.8506 1.4183 5.0000
97 2 3 3 2 1 2 4 5 3.909427 14.8047 1 3 4 1 -1.6156 1.4089 8.0000 -2.2541 -0.5958 5.0000
88 2 2 3 2 1 2 7 6 34.72301 41.50838 4 4 2 1 1.2210 -1.7619 8.0000 -0.0816 -1.3373 5.0000
119 3 3 1 3 1 2 2 6 36.54826 16.57845 3 4 4 2 0.1371 0.9225 2.0000 -1.7755 -3.2808 8.0000
3 1 1 2 2 1 1 4 5 21.67578 28.93214 3 3 4 4 -0.4017 0.1732 5.0000 -0.3828 -0.2116 5.0000
133 1 2 1 2 2 2 3 8 32.79475 2.643526 1 3 3 4 -0.0948 0.1471 2.0000 0.9900 -0.9026 5.0000
66 1 3 2 1 1 2 2 2 2.715345 29.93092 3 2 3 4 0.2943 0.3236 5.0000 0.2425 0.9005 2.0000
24 2 2 1 1 1 1 4 2 33.71325 8.564315 1 1 4 3 -0.5255 0.1049 2.0000 0.3183 0.4311 2.0000
30 2 3 1 1 1 1 3 4 38.18007 30.43153 4 2 2 3 -0.3313 0.4213 2.0000 -0.9026 0.2346 2.0000
35 2 3 2 3 1 1 8 7 12.48189 5.516086 3 1 4 3 1.1297 -0.7202 5.0000 0.3586 -3.7132 8.0000
91 2 3 1 2 1 2 5 7 44.15204 13.46287 1 4 4 2 -0.3845 -0.3733 2.0000 0.5428 -2.2675 5.0000
78 2 1 3 1 1 2 8 6 9.020156 18.76193 2 3 4 4 1.7346 -1.2594 8.0000 -0.0774 -0.1569 2.0000
