55 1 2 1 2 1 2 2 7 44.37614 36.18989 4 4 3 1 0.0019 0.1750 2.0000 0.7911 -1.0813 5.0000
155 2 2 3 3 2 2 7 2 44.89811 14.12997 2 1 4 2 1.5131 -1.5184 8.0000 1.0999 1.8399 8.0000
159 2 3 2 1 2 2 1 7 12.29986 8.144051 2 3 2 4 1.3090 0.2854 5.0000 0.1321 -0.9232 2.0000
125 3 3 3 3 1 2 6 4 2.425221 3.023284 4 2 1 4 -2.5239 -2.7471 8.0000 -2.7733 2.4950 8.0000
46 1 1 1 2 1 2 6 2 5.962207 29.9489 1 1 3 1 -0.1102 -0.1359 2.0000 0.1136 0.4224 5.0000
102 3 1 2 1 1 2 7 7 33.59338 33.93508 2 1 2 4 1.2900 -1.9421 5.0000 0.0977 -0.1452 2.0000
108 3 2 1 1 1 2 7 8 13.40127 16.66716 3 1 1 1 0.2162 -0.9072 2.0000 0.4717 -0.2543 2.0000
12 1 2 3 1 1 1 2 8 16.91144 44.65287 2 4 2 1 0.3295 0.6175 8.0000 0.5359 -0.0032 2.0000
56 1 2 1 3 1 2 4 1 36.02211 1.502042 2 2 4 3 -0.1728 0.0273 2.0000 2.1429 0.0562 8.0000
32 2 3 1 3 1 1 2 5 18.15745 34.76272 3 4 2 2 0.2420 0.4782 2.0000 -3.0647 -2.1270 8.0000
17 1 3 1 3 1 1 8 3 34.34155 8.523497 2 3 4 3 0.1720 -0.0324 2.0000 -0.5529 3.6893 8.0000
142 1 3 1 2 2 2 3 2 4.765802 7.614936 4 2 3 1 -0.0145 0.1744 2.0000 1.4156 1.8526 5.0000
117 3 3 1 1 1 2 4 2 2.932491 26.53459 2 4 3 3 -0.6923 0.6249 2.0000 0.2954 0.8846 2.0000
160 2 3 2 2 2 2 2 1 34.00411 19.31442 4 2 3 3 0.2555 1.3151 5.0000 2.2003 0.7712 5.0000
24 2 2 1 1 1 1 4 7 30.27797 17.13791 4 3 3 2 -0.5183 0.1362 2.0000 0.1579 -0.5121 2.0000
45 1 1 1 1 1 2 2 8 2.035759 15.61441 4 1 4 3 0.1193 0.1280 2.0000 0.1525 -0.0859 2.0000
121 3 3 2 2 1 2 4 1 32.72961 18.45616 1 4 3 1 -2.2783 0.4955 5.0000 2.2116 0.7381 5.0000
151 2 2 1 2 2 2 3 8 22.26101 30.30451 3 3 3 4 -0.2030 0.4960 2.0000 1.2959 -0.3399 5.0000
120 3 3 2 1 1 2 3 4 44.8578 25.87843 2 4 1 3 -1.6446 1.6527 5.0000 -0.8812 0.3055 2.0000
81 2 2 1 1 1 2 2 2 27.90729 3.630504 1 1 2 2 0.1575 0.5122 2.0000 0.3542 0.4022 2.0000
47 1 1 1 3 1 2 8 2 34.46892 30.36916 4 2 3 1 0.1720 -0.0320 2.0000 0.1768 0.6772 8.0000
131 1 1 3 3 2 2 5 1 2.850904 39.53639 3 4 4 4 -0.6990 -0.0348 8.0000 0.5398 0.4455 8.0000
152 2 2 1 3 2 2 5 3 18.86851 13.50648 2 3 3 2 -0.5071 -0.1733 2.0000 -0.5006 2.0843 8.0000
75 2 1 2 1 1 2 4 2 4.470942 26.10345 1 4 2 1 -1.0183 0.8706 5.0000 0.0567 0.1655 2.0000
66 1 3 2 1 1 2 5 7 25.33513 41.96575 3 3 3 4 -0.3954 -0.1872 5.0000 0.6236 -0.6934 2.0000
76 2 1 2 2 1 2 4 4 30.99542 40.02598 3 1 3 3 -1.2999 0.3242 5.0000 -0.4358 0.0379 5.0000
94 2 3 2 2 1 2 6 8 35.57861 17.80815 2 4 1 4 -0.2193 -1.3217 5.0000 2.0739 -1.0654 5.0000
109 3 2 1 2 1 2 5 7 24.7624 2.450058 1 1 4 1 -0.8469 -0.3906 2.0000 0.0573 -1.3385 5.0000
23 1 3 3 3 1 1 8 2 22.05776 25.19699 4 4 3 4 0.6445 -0.2728 8.0000 1.2638 3.5099 8.0000
73 2 1 1 2 1 2 1 6 12.84968 35.04758 1 2 2 3 0.5225 0.1192 2.0000 -0.0756 -0.4309 5.0000
33 2 3 2 1 1 1 1 5 18.68514 6.397407 1 4 4 2 1.2691 0.4292 5.0000 -0.9268 -0.1039 2.0000
27 2 2 2 2 1 1 6 1 38.35502 19.69992 3 2 2 4 -0.1550 -1.3307 5.0000 1.2613 0.4516 5.0000
148 1 3 3 2 2 2 1 6 40.49802 11.99644 3 1 1 2 0.5322 0.4545 8.0000 -1.2700 -1.9553 5.0000
65 1 3 1 3 1 2 7 4 27.94855 39.5485 3 1 2 4 0.0820 -0.1546 2.0000 -3.7136 0.3544 8.0000
147 1 3 3 1 2 2 2 2 38.98695 12.78329 2 2 1 3 0.0733 0.6961 8.0000 0.4972 0.7890 2.0000
143 1 3 1 3 2 2 3 6 5.178948 43.9032 3 2 1 3 -0.0158 0.1743 2.0000 -0.0714 -3.7298 8.0000
26 2 2 1 3 1 1 5 4 11.71085 33.95617 2 3 3 1 -0.5247 -0.1088 2.0000 -2.1039 0.4106 8.0000
86 2 2 2 3 1 2 3 2 17.89308 14.71434 3 1 1 1 -0.4116 1.2749 5.0000 1.0810 1.8510 8.0000
34 2 3 2 2 1 1 8 8 20.56141 35.87468 3 1 4 3 1.2197 -0.5543 5.0000 2.3020 -0.3698 5.0000
119 3 3 1 3 1 2 3 8 11.48487 34.8111 2 3 2 1 -0.1857 0.9139 2.0000 3.6716 -0.6599 8.0000
153 2 2 2 2 2 2 7 4 33.75452 41.44551 3 1 3 3 0.7444 -1.1139 5.0000 -1.3372 0.0831 5.0000
140 1 2 3 3 2 2 2 8 10.16398 28.8996 4 3 4 4 0.3998 0.5745 8.0000 2.0595 -0.5945 8.0000
105 3 1 3 1 1 2 6 5 35.9411 29.39048 1 2 1 2 -0.5874 -3.6839 8.0000 -0.1525 -0.0859 2.0000
18 1 3 2 1 1 1 6 8 37.26154 23.03524 3 3 2 4 -0.0589 -0.4335 5.0000 0.8649 -0.3488 2.0000
10 1 2 2 2 1 1 1 2 12.32859 28.40782 3 4 3 3 0.4274 0.0934 5.0000 0.3826 1.2840 5.0000
3 1 1 2 2 1 1 8 6 11.32285 34.70312 4 4 1 4 0.3640 -0.2426 5.0000 -0.0782 -0.4304 5.0000
106 3 1 3 2 1 2 4 4 32.58316 12.29141 1 1 4 4 -3.6432 0.8021 8.0000 -0.3681 0.2364 5.0000
38 2 3 3 3 1 1 1 2 5.426312 13.31491 1 4 3 3 2.1340 0.2027 8.0000 1.9594 3.1744 8.0000
170 3 3 3 3 2 2 3 2 31.70507 39.04629 4 4 2 1 -1.9605 3.1737 8.0000 0.3869 3.7103 8.0000
4 1 1 2 3 1 1 6 3 40.38161 28.62017 1 1 3 1 -0.0352 -0.4360 5.0000 -0.3353 0.6144 8.0000
7 1 2 1 2 1 1 7 3 32.52692 31.31985 3 3 3 4 0.0941 -0.1475 2.0000 -0.6964 1.1445 5.0000
69 1 3 3 1 1 2 4 4 15.84892 39.23939 1 4 3 4 -0.6113 0.3409 8.0000 -0.9279 0.0936 2.0000
63 1 3 1 1 1 2 5 1 16.94489 10.27807 2 2 2 4 -0.1674 -0.0510 2.0000 0.9177 0.1664 2.0000
110 3 2 1 3 1 2 6 7 6.607713 31.35111 3 3 1 1 -0.5792 -0.7310 2.0000 1.1153 -1.8306 8.0000
101 3 1 1 3 1 2 2 3 24.07457 7.134365 4 3 4 3 0.3331 0.8711 2.0000 -0.0869 0.6945 8.0000
123 3 3 3 1 1 2 4 7 17.52213 24.931 1 4 2 1 -3.3096 1.7213 8.0000 0.3931 -0.8457 2.0000
60 1 2 3 1 1 2 3 8 14.64686 9.072052 2 2 3 3 -0.1770 0.6772 8.0000 0.4339 -0.3144 2.0000
122 3 3 2 3 1 2 2 7 24.62812 28.48121 4 4 3 3 0.8116 2.1857 5.0000 1.7789 -3.2790 8.0000
107 3 1 3 3 1 2 4 8 11.60501 26.23436 3 2 4 2 -3.1145 2.0533 8.0000 0.6627 -0.2252 8.0000
2 1 1 1 3 1 1 6 4 10.7169 43.06919 4 2 2 2 -0.0986 -0.1446 2.0000 -0.6995 0.0236 8.0000
29 2 2 3 3 1 1 2 6 31.47419 5.605087 4 2 1 3 0.5014 2.0841 8.0000 -1.3605 -1.6565 8.0000
14 1 2 3 3 1 1 3 6 7.264125 5.409565 1 1 2 4 -0.0885 0.6943 8.0000 -1.3661 -1.6519 8.0000
138 1 2 3 1 2 2 5 3 40.11004 23.2787 1 4 3 3 -0.5353 -0.4509 8.0000 -0.2118 0.4923 2.0000
169 3 3 2 3 2 2 1 5 22.16036 43.85051 3 1 2 3 2.1593 0.8795 5.0000 -2.6902 -2.5844 8.0000
25 2 2 1 2 1 1 7 3 41.37918 31.76234 2 3 2 2 0.3542 -0.4021 2.0000 -0.7052 1.1391 5.0000
116 3 2 3 3 1 2 1 1 9.723646 10.37128 2 4 2 1 3.6769 0.6301 8.0000 2.1086 0.3859 8.0000
52 1 1 3 2 1 2 3 8 21.44314 6.031542 1 3 1 2 -0.2559 0.6515 8.0000 0.3401 -0.2751 5.0000
111 3 2 2 1 1 2 6 7 0.558334 28.35513 1 3 4 4 -1.6325 -1.6646 5.0000 0.2545 -0.4716 2.0000
78 2 1 3 1 1 2 3 3 26.71689 35.18337 2 1 1 4 -0.9637 1.9147 8.0000 -0.1008 0.1430 2.0000
96 2 3 3 1 1 2 1 1 28.60085 22.71552 4 2 3 2 1.8820 1.0261 8.0000 0.8603 0.3601 2.0000
146 1 3 2 3 2 2 2 2 19.031 7.039393 3 2 4 4 0.1915 0.3933 5.0000 2.2947 2.9412 8.0000
5 1 1 3 3 1 1 6 3 41.35928 28.70185 4 1 2 3 -0.0444 -0.6985 8.0000 -0.3361 0.6139 8.0000
77 2 1 2 3 1 2 3 8 24.08541 0.9814847 4 2 4 3 -0.5467 1.2231 5.0000 0.5033 -0.4864 8.0000
68 1 3 2 3 1 2 5 2 2.315975 5.045326 3 1 1 1 -0.4371 -0.0177 5.0000 2.3956 2.8596 8.0000
127 1 1 1 2 2 2 5 8 8.823272 39.32061 2 2 1 3 -0.1729 -0.0268 2.0000 0.4353 -0.0433 5.0000
114 3 2 3 1 1 2 4 5 26.08469 36.98687 4 4 2 1 -3.5290 1.2093 8.0000 -0.4281 -0.3224 2.0000
99 3 1 1 1 1 2 2 8 10.74599 4.88529 3 4 2 1 0.5249 0.7709 2.0000 0.1338 -0.1127 2.0000
71 1 3 3 3 1 2 2 7 22.80171 31.50217 3 1 4 4 0.2644 0.6480 8.0000 1.9493 -3.1807 8.0000
15 1 3 1 1 1 1 6 8 33.64517 26.17076 3 1 2 1 -0.0345 -0.1716 2.0000 0.8827 -0.3010 2.0000
62 1 2 3 3 1 2 7 5 27.6226 20.81912 2 3 4 2 0.3245 -0.6201 8.0000 -2.0036 -0.7619 8.0000
158 2 3 1 3 2 2 7 8 39.96524 25.31207 4 2 1 2 0.3442 -0.4107 2.0000 3.5124 -1.2568 8.0000
41 3 3 1 3 1 1 5 7 5.058716 19.77273 3 2 1 3 -0.9290 -0.0822 2.0000 1.2620 -3.5105 8.0000
133 1 2 1 2 2 2 1 1 37.39802 34.50147 3 3 2 2 0.1390 0.1063 2.0000 1.1041 0.7589 5.0000
80 2 1 3 3 1 2 8 3 1.747781 17.83594 4 1 1 1 1.5613 -1.4688 8.0000 -0.2144 0.6663 8.0000
149 1 3 3 3 2 2 8 5 4.600632 17.60979 2 4 4 4 0.5330 -0.4536 8.0000 -3.5556 -1.1286 8.0000
59 1 2 2 3 1 2 8 6 14.57904 17.68486 4 1 2 4 0.3772 -0.2215 5.0000 -0.9837 -1.9046 8.0000
8 1 2 1 3 1 1 8 4 34.94667 28.82601 3 1 3 1 0.1723 -0.0305 2.0000 -2.0588 0.5971 8.0000
30 2 3 1 1 1 1 8 1 7.589155 5.586832 3 4 1 3 0.4257 -0.3256 2.0000 0.9282 0.0908 2.0000
156 2 3 1 1 2 2 4 1 28.25758 23.00992 2 2 1 3 -0.5132 0.1544 2.0000 0.8584 0.3646 2.0000
6 1 2 1 1 1 1 4 8 23.00923 8.242981 2 1 3 2 -0.1622 0.0655 2.0000 0.4294 -0.3207 2.0000
44 3 3 3 3 1 1 7 8 0.8738208 15.69487 3 2 4 2 0.0569 -3.7300 8.0000 3.2531 -1.8259 8.0000
85 2 2 2 2 1 2 8 3 39.55258 17.17483 1 2 2 4 1.3337 -0.1272 5.0000 -0.3956 1.2800 5.0000
165 3 3 1 1 2 2 4 2 22.07362 9.032108 2 3 4 3 -0.8589 0.3633 2.0000 0.5478 0.7548 2.0000
164 2 3 3 3 2 2 5 4 6.175802 4.390347 3 1 4 1 -2.1312 -0.2306 8.0000 -2.8320 2.4282 8.0000
21 1 3 3 1 1 1 7 5 21.89504 8.123918 3 2 1 2 0.2610 -0.6494 8.0000 -0.9233 -0.1318 2.0000
157 2 3 1 2 2 2 4 7 14.66288 9.888967 4 4 4 4 -0.4625 0.2707 2.0000 0.4004 -2.2969 5.0000
100 3 1 1 2 1 2 1 4 41.07257 4.963508 4 2 2 3 0.7031 0.6127 2.0000 -0.3349 0.2814 5.0000
134 1 2 1 3 2 2 4 1 26.46196 27.36185 3 4 2 1 -0.1659 0.0556 2.0000 1.9038 0.9852 8.0000
82 2 2 1 2 1 2 6 1 3.682432 1.927403 3 1 2 1 -0.3538 -0.4025 2.0000 1.3390 0.0451 5.0000
37 2 3 3 2 1 1 1 8 43.59221 8.407894 4 2 4 4 1.5525 1.4781 8.0000 1.8720 -1.3899 5.0000
70 1 3 3 2 1 2 5 4 6.136846 1.762571 1 2 2 1 -0.6959 -0.0748 8.0000 -1.6986 1.5972 5.0000
104 3 1 2 3 1 2 2 2 31.85137 31.49952 4 2 1 2 0.5304 2.2704 5.0000 0.1634 0.6806 8.0000
150 2 2 1 1 2 2 8 3 31.61367 24.14048 4 1 1 3 0.5213 -0.1241 2.0000 -0.2192 0.4890 2.0000
22 1 3 3 2 1 1 4 4 43.97221 14.92593 1 1 3 3 -0.6998 0.0126 8.0000 -2.0177 1.1684 5.0000
90 2 3 1 1 1 2 7 8 28.36548 36.83138 4 1 2 3 0.2546 -0.4716 2.0000 0.9232 -0.1325 2.0000
16 1 3 1 2 1 1 8 7 34.54635 36.28858 1 4 1 1 0.1721 -0.0317 2.0000 1.3799 -1.8793 5.0000
112 3 2 2 2 1 2 4 8 27.86905 43.32027 3 2 1 2 -2.2281 0.6868 5.0000 1.3392 -0.0393 5.0000
31 2 3 1 2 1 1 4 6 24.52556 15.09865 1 2 2 3 -0.5020 0.1875 2.0000 -1.1623 -2.0212 5.0000
167 3 3 1 3 2 2 1 3 13.65058 28.64548 1 3 2 4 0.9063 0.2201 2.0000 -1.7883 3.2739 8.0000
48 1 1 2 1 1 2 6 3 41.20695 39.9744 1 3 1 2 -0.0289 -0.4365 5.0000 -0.1124 0.1341 2.0000
36 2 3 3 1 1 1 1 5 32.8362 26.50931 3 1 2 3 1.8011 1.1623 8.0000 -0.8346 -0.4163 2.0000
95 2 3 2 3 1 2 6 4 5.6303 6.871433 3 2 1 4 -0.8498 -1.0357 5.0000 -2.9345 2.3033 8.0000
115 3 2 3 2 1 2 7 8 7.717928 27.99298 3 2 4 2 0.5010 -3.6967 8.0000 1.2812 -0.3919 5.0000
91 2 3 1 2 1 2 4 8 15.90029 8.037292 3 2 4 1 -0.4683 0.2606 2.0000 1.8630 -1.4019 5.0000
87 2 2 3 1 1 2 6 1 9.92427 42.27588 1 1 1 1 -1.2318 -1.7543 8.0000 0.3965 0.3605 2.0000
19 1 3 2 2 1 1 4 3 17.50073 16.51689 2 4 1 2 -0.3880 0.2020 5.0000 -0.6629 2.2353 5.0000
141 1 3 1 1 2 2 4 8 30.43913 1.26802 1 2 1 2 -0.1694 0.0440 2.0000 0.6739 -0.6447 2.0000
162 2 3 3 1 2 2 7 4 12.26527 39.29796 2 1 4 1 0.4554 -2.0947 8.0000 -0.9280 0.0927 2.0000
130 1 1 2 3 2 2 2 5 27.56458 17.25833 2 3 3 4 0.1311 0.4173 5.0000 -0.6684 -0.2076 8.0000
132 1 2 1 1 2 2 4 5 35.23221 24.61324 2 4 4 4 -0.1724 0.0297 2.0000 -0.4872 -0.2232 2.0000
42 3 3 2 2 1 1 3 4 38.43645 3.321953 2 3 1 2 -1.4494 1.8263 5.0000 -1.7414 1.5503 5.0000
103 3 1 2 2 1 2 2 6 22.94444 44.37321 2 3 1 4 0.8755 2.1609 5.0000 -0.0048 -0.4374 5.0000
54 1 2 1 1 1 2 8 3 15.51772 30.27407 4 2 2 1 0.1523 -0.0861 2.0000 -0.2702 0.4628 2.0000
93 2 3 2 1 1 2 7 3 16.57324 21.78385 4 3 4 4 0.3822 -1.2841 5.0000 -0.3461 0.8660 2.0000
20 1 3 2 3 1 1 5 2 34.1861 6.73235 2 4 2 1 -0.3619 -0.2458 5.0000 2.3104 2.9289 8.0000
166 3 3 1 2 2 2 6 1 38.71756 21.02402 1 2 3 2 -0.1021 -0.9270 2.0000 2.1763 0.8365 5.0000
35 2 3 2 3 1 1 4 1 14.77944 36.62732 3 2 2 3 -1.1577 0.6743 5.0000 2.9938 2.2256 8.0000
39 3 3 1 1 1 1 1 2 34.65614 3.433989 4 1 3 4 0.7672 0.5303 2.0000 0.6188 0.6978 2.0000
43 3 3 2 3 1 1 6 6 21.66801 6.32415 4 1 1 3 -0.9234 -2.1409 5.0000 -2.3312 -2.9123 8.0000
113 3 2 2 3 1 2 8 1 12.54393 43.11813 3 4 1 2 1.9674 -1.2512 5.0000 1.5647 1.4652 8.0000
144 1 3 2 1 2 2 8 7 12.4029 5.211119 3 3 4 4 0.3685 -0.2357 5.0000 0.0847 -0.9288 2.0000
13 1 2 3 2 1 1 8 4 3.613155 12.6558 2 3 1 2 0.5251 -0.4627 8.0000 -1.1319 0.7168 5.0000
50 1 1 2 3 1 2 4 7 18.42027 2.497898 1 2 2 3 -0.3912 0.1957 5.0000 0.0305 -0.6992 8.0000
79 2 1 3 2 1 2 6 3 2.1553 29.94566 4 2 4 3 -1.4577 -1.5717 8.0000 -0.2184 0.3790 5.0000
58 1 2 2 2 1 2 5 4 31.17153 6.648933 1 1 1 3 -0.3743 -0.2264 5.0000 -1.0507 0.8313 5.0000
0 1 1 1 1 1 1 8 3 7.628036 10.72044 1 4 4 1 0.1391 -0.1062 2.0000 -0.0325 0.1719 2.0000
61 1 2 3 2 1 2 3 8 41.78287 41.52161 2 3 3 2 -0.4664 0.5219 8.0000 1.3373 -0.0813 5.0000
64 1 3 1 2 1 2 7 6 15.96064 17.2768 4 4 2 2 0.0481 -0.1682 2.0000 -1.0846 -2.0639 5.0000
126 1 1 1 1 2 2 1 6 11.81561 19.3729 3 4 3 3 0.1713 0.0358 2.0000 -0.0757 -0.1578 2.0000
1 1 1 1 2 1 1 4 6 38.83387 4.319875 2 4 3 4 -0.1740 0.0188 2.0000 -0.2851 -0.3317 5.0000
163 2 3 3 2 2 2 4 6 27.60009 3.672443 2 2 4 3 -2.0455 0.6410 8.0000 -1.5397 -1.7509 5.0000
40 3 3 1 2 1 1 1 7 6.802168 8.855303 1 4 3 1 0.9261 0.1105 2.0000 0.3589 -2.3037 5.0000
154 2 2 2 3 2 2 5 6 31.92606 34.09751 4 2 3 1 -1.1371 -0.7085 5.0000 -0.4054 -2.1049 8.0000
137 1 2 2 3 2 2 8 2 37.45618 20.01263 1 2 4 1 0.4337 -0.0574 5.0000 0.9055 1.9430 8.0000
168 3 3 2 2 2 2 7 1 12.52313 0.2892494 3 2 1 2 0.5056 -2.2761 5.0000 2.3315 0.0118 5.0000
97 2 3 3 2 1 2 7 3 5.707253 4.031548 3 1 4 4 0.2132 -2.1330 8.0000 -0.1639 2.3258 5.0000
92 2 3 1 3 1 2 6 3 7.886585 24.25734 2 1 2 2 -0.3234 -0.4273 2.0000 -1.5326 3.4011 8.0000
72 2 1 1 1 1 2 6 2 44.3652 23.87776 2 1 4 2 -0.0059 -0.5359 2.0000 0.0631 0.1632 2.0000
118 3 3 1 2 1 2 7 8 1.81659 39.94184 3 4 1 4 0.0296 -0.9321 2.0000 2.3225 -0.2056 5.0000
84 2 2 2 1 1 2 3 5 41.69365 3.71722 1 4 3 3 -0.8911 1.0004 5.0000 -0.5348 -0.0347 2.0000
67 1 3 2 2 1 2 5 5 36.17833 20.41324 1 4 3 1 -0.3531 -0.2582 5.0000 -2.1851 -0.8132 5.0000
139 1 2 3 2 2 2 8 4 24.95003 37.88285 4 3 4 4 0.6575 -0.2400 8.0000 -1.3294 0.1660 5.0000
124 3 3 3 2 1 2 8 3 19.89949 32.19689 2 4 3 3 3.3782 -1.5825 8.0000 -1.2423 1.9730 5.0000
128 1 1 1 3 2 2 7 5 38.21473 1.188127 1 3 3 1 0.1082 -0.1375 2.0000 -0.6998 -0.0145 8.0000
129 1 1 2 2 2 2 4 7 18.00788 36.42149 4 2 2 3 -0.3898 0.1985 5.0000 0.2597 -0.3520 5.0000
57 1 2 2 1 1 2 6 3 24.14483 26.50319 2 3 3 4 -0.1557 -0.4088 5.0000 -0.2391 0.4796 2.0000
74 2 1 1 3 1 2 7 6 24.80235 3.502445 1 4 1 1 0.2248 -0.4865 2.0000 -0.4638 -0.5242 8.0000
9 1 2 2 1 1 1 3 5 13.06594 18.83419 4 2 3 2 -0.0989 0.4261 5.0000 -0.5072 -0.1730 2.0000
53 1 1 3 3 1 2 2 8 37.63595 16.36489 3 2 2 3 0.0897 0.6941 8.0000 0.6143 -0.3354 8.0000
28 2 2 2 3 1 1 3 4 41.39338 16.97492 1 3 4 2 -0.8859 1.0051 5.0000 -1.8922 1.0072 8.0000
136 1 2 2 2 2 2 6 2 33.64486 17.6164 1 1 3 4 -0.0861 -0.4289 5.0000 0.6162 1.1896 5.0000
145 1 3 2 2 2 2 5 5 43.40418 37.5071 3 4 4 2 -0.3178 -0.3006 5.0000 -1.8496 -1.4196 5.0000
98 2 3 3 3 1 2 5 6 21.02559 39.59856 1 3 1 3 -2.0009 -0.7691 8.0000 -0.3512 -3.7139 8.0000
135 1 2 2 1 2 2 7 1 26.61385 22.07991 3 2 3 3 0.1960 -0.3911 5.0000 0.4966 0.2014 2.0000
11 1 2 2 3 1 1 7 5 16.93599 29.18835 4 4 3 1 0.1274 -0.4185 5.0000 -1.8714 -1.0454 8.0000
49 1 1 2 2 1 2 1 5 3.575546 3.087378 1 1 3 4 0.4366 0.0273 5.0000 -0.4368 -0.0236 5.0000
161 2 3 2 3 2 2 2 7 41.50059 23.61221 1 1 4 3 0.0818 1.3372 5.0000 1.4942 -3.4181 8.0000
88 2 2 3 2 1 2 4 8 23.5627 19.88388 4 1 3 2 -1.9953 0.7834 8.0000 1.2131 -0.5687 5.0000
89 2 2 3 3 1 2 8 6 37.7407 5.624995 3 3 2 3 2.1264 -0.2709 8.0000 -1.3599 -1.6570 8.0000
83 2 2 1 3 1 2 2 3 36.14135 36.85443 2 3 2 1 0.0825 0.5295 2.0000 -1.2857 1.7152 8.0000
51 1 1 3 1 1 2 4 2 25.32157 16.06762 4 4 2 2 -0.6590 0.2357 8.0000 0.0847 0.1531 2.0000
