64 1 3 1 2 1 2 4 6 16.47927 24.05583 1 1 1 1 -0.1537 0.0835 2.0000 -0.8334 -2.1775 5.0000
145 1 3 2 2 2 2 7 5 34.98129 29.55363 4 3 1 2 0.2508 -0.3584 5.0000 -2.0282 -1.1500 5.0000
149 1 3 3 3 2 2 2 3 36.01358 13.61105 2 1 4 4 0.1093 0.6913 8.0000 -0.8779 3.6257 8.0000
43 3 3 2 3 1 1 1 6 43.57592 41.38666 2 4 3 3 1.6891 1.6072 5.0000 -0.2351 -3.7230 8.0000
73 2 1 1 2 1 2 5 4 11.68141 5.366816 2 1 1 2 -0.5248 -0.1085 2.0000 -0.3369 0.2790 5.0000
58 1 2 2 2 1 2 5 2 20.5566 32.98252 4 2 1 2 -0.4096 -0.1536 5.0000 0.2789 1.3104 5.0000
101 3 1 1 3 1 2 2 3 37.43118 43.25851 2 2 3 1 0.1228 0.9245 2.0000 -0.4796 0.5097 8.0000
150 2 2 1 1 2 2 7 1 26.51744 11.7628 4 4 1 2 0.2393 -0.4795 2.0000 0.5246 0.1092 2.0000
88 2 2 3 2 1 2 6 5 15.65601 29.08706 2 2 1 2 -1.0505 -1.8686 8.0000 -1.1708 -0.6513 5.0000
76 2 1 2 2 1 2 5 5 18.45184 4.852127 4 1 2 3 -1.2709 -0.4240 5.0000 -0.4359 -0.0370 5.0000
4 1 1 2 3 1 1 8 6 29.20291 18.35689 4 4 2 3 0.4209 -0.1191 5.0000 -0.3139 -0.6256 8.0000
135 1 2 2 1 2 2 7 5 24.05161 39.37178 2 2 2 4 0.1783 -0.3995 5.0000 -0.4143 -0.3399 2.0000
154 2 2 2 3 2 2 5 8 12.64403 18.21201 2 1 1 2 -1.3073 -0.2933 5.0000 1.9135 -0.9661 8.0000
2 1 1 1 3 1 1 1 3 24.23481 18.35567 2 4 2 3 0.1596 0.0718 2.0000 -0.2204 0.6643 8.0000
0 1 1 1 1 1 1 7 4 20.02753 29.03098 2 2 4 3 0.0599 -0.1644 2.0000 -0.1682 0.0481 2.0000
132 1 2 1 1 2 2 1 8 11.20682 42.75068 2 4 3 4 0.1716 0.0340 2.0000 0.5355 -0.0210 2.0000
94 2 3 2 2 1 2 5 5 16.75214 14.47711 1 3 2 2 -1.2829 -0.3862 5.0000 -2.2575 -0.5829 5.0000
129 1 1 2 2 2 2 6 3 16.98734 37.3819 2 1 4 4 -0.2055 -0.3862 5.0000 -0.2656 0.3476 5.0000
41 3 3 1 3 1 1 2 2 29.52244 16.47306 2 2 2 2 0.2489 0.8988 2.0000 1.7816 3.2776 8.0000
72 2 1 1 1 1 2 8 7 19.26949 37.74843 1 1 2 4 0.4828 -0.2327 2.0000 0.1071 -0.1384 2.0000
55 1 2 1 2 1 2 8 6 11.10693 39.26881 2 1 1 2 0.1452 -0.0976 2.0000 -0.1338 -1.3330 5.0000
126 1 1 1 1 2 2 5 1 4.579137 16.65753 2 1 3 1 -0.1744 -0.0140 2.0000 0.1676 0.0502 2.0000
133 1 2 1 2 2 2 7 7 30.72746 15.82434 2 4 2 1 0.0894 -0.1504 2.0000 0.3653 -1.2890 5.0000
57 1 2 2 1 1 2 3 3 30.8584 42.67933 1 3 2 1 -0.2244 0.3755 5.0000 -0.3633 0.3940 2.0000
47 1 1 1 3 1 2 6 4 12.23036 23.10637 3 4 3 2 -0.0947 -0.1471 2.0000 -0.6494 0.2610 8.0000
130 1 1 2 3 2 2 6 3 44.71528 37.07857 1 3 2 3 -0.0022 -0.4374 5.0000 -0.4220 0.5584 8.0000
134 1 2 1 3 2 2 7 3 5.439649 34.31113 4 2 3 3 0.0166 -0.1742 2.0000 -1.2083 1.7706 8.0000
49 1 1 2 2 1 2 8 6 25.53552 2.856215 1 1 1 2 0.4124 -0.1458 5.0000 -0.2935 -0.3243 5.0000
16 1 3 1 2 1 1 3 6 20.99639 5.572922 3 3 3 2 -0.0627 0.1634 2.0000 -1.4808 -1.8010 5.0000
33 2 3 2 1 1 1 8 8 24.26701 12.12629 4 2 4 3 1.2530 -0.4743 5.0000 0.7833 -0.5062 2.0000
31 2 3 1 2 1 1 6 2 37.46445 24.7773 4 2 1 2 -0.0703 -0.5313 2.0000 0.8059 2.1878 5.0000
79 2 1 3 2 1 2 2 2 30.58315 42.6516 4 2 2 2 0.5337 2.0761 8.0000 0.0179 0.4371 5.0000
26 2 2 1 3 1 1 3 4 19.00146 37.47579 3 4 3 4 -0.1745 0.5067 2.0000 -2.1251 0.2807 8.0000
53 1 1 3 3 1 2 6 4 19.9887 31.48911 2 3 1 4 -0.2959 -0.6343 8.0000 -0.6805 0.1635 8.0000
146 1 3 2 3 2 2 3 1 27.24995 32.34774 1 2 4 1 -0.2003 0.3889 5.0000 3.1516 1.9960 8.0000
75 2 1 2 1 1 2 5 3 6.45295 26.11222 2 4 4 4 -1.3313 -0.1506 5.0000 -0.0770 0.1571 2.0000
151 2 2 1 2 2 2 5 2 23.78422 44.39554 1 2 1 4 -0.4904 -0.2161 2.0000 0.0141 1.3397 5.0000
120 3 3 2 1 1 2 8 6 22.10055 31.62584 2 1 2 4 2.1478 -0.9072 5.0000 -0.2157 -0.9073 2.0000
77 2 1 2 3 1 2 1 2 29.02608 41.15409 4 4 2 4 1.1715 0.6501 5.0000 0.0469 0.6983 8.0000
24 2 2 1 1 1 1 4 1 30.02265 33.5394 1 4 1 2 -0.5177 0.1385 2.0000 0.4467 0.2961 2.0000
121 3 3 2 2 1 2 7 3 41.59327 17.20858 3 3 4 2 1.5478 -1.7437 5.0000 -0.6898 2.2272 5.0000
105 3 1 3 1 1 2 1 5 23.34217 17.27826 3 3 2 3 3.4251 1.4781 8.0000 -0.1671 -0.0520 2.0000
15 1 3 1 1 1 1 6 2 9.628266 18.99506 1 3 1 3 -0.1013 -0.1427 2.0000 0.4089 0.8382 2.0000
56 1 2 1 3 1 2 1 7 29.82042 8.032497 4 2 4 1 0.1518 0.0870 2.0000 0.2995 -2.1226 8.0000
3 1 1 2 2 1 1 3 7 28.60112 31.28513 3 4 1 2 -0.2094 0.3841 5.0000 0.2272 -0.3738 5.0000
51 1 1 3 1 1 2 7 3 15.15244 44.27908 4 2 1 4 0.1829 -0.6756 8.0000 -0.1222 0.1253 2.0000
169 3 3 2 3 2 2 1 2 15.0888 33.70375 4 1 3 3 2.2512 0.6069 5.0000 0.7307 3.6582 8.0000
102 3 1 2 1 1 2 5 1 35.07433 20.23355 4 3 3 1 -1.9081 -1.3398 5.0000 0.1642 0.0605 2.0000
159 2 3 2 1 2 2 1 8 27.99754 19.45057 3 2 3 4 1.1830 0.6289 5.0000 0.8414 -0.4022 2.0000
19 1 3 2 2 1 1 7 4 25.16097 33.37878 4 4 4 4 0.1860 -0.3959 5.0000 -2.2837 0.4697 5.0000
44 3 3 3 3 1 1 7 1 9.925144 24.33945 4 1 4 1 0.6430 -3.6746 8.0000 3.3989 1.5375 8.0000
42 3 3 2 2 1 1 5 4 18.07194 38.18586 1 1 1 2 -2.2165 -0.7233 5.0000 -2.3151 0.2766 5.0000
6 1 2 1 1 1 1 2 5 20.50214 23.6577 2 3 3 4 0.0726 0.1592 2.0000 -0.4909 -0.2150 2.0000
89 2 2 3 3 1 2 3 4 18.08269 37.96144 2 2 3 4 -0.6653 2.0377 8.0000 -2.1274 0.2627 8.0000
107 3 1 3 3 1 2 8 7 19.26346 34.07779 3 3 1 3 3.3604 -1.6199 8.0000 0.3922 -0.5797 8.0000
45 1 1 1 1 1 2 2 6 11.49039 22.27157 2 4 3 3 0.0966 0.1459 2.0000 -0.0676 -0.1614 2.0000
67 1 3 2 2 1 2 2 4 31.84337 43.14581 2 2 1 2 0.0996 0.4260 5.0000 -2.3303 0.0754 5.0000
17 1 3 1 3 1 1 6 4 7.816998 33.07709 3 3 1 4 -0.1057 -0.1394 2.0000 -3.6500 0.7707 8.0000
50 1 1 2 3 1 2 5 8 38.28411 22.10728 1 1 3 2 -0.3434 -0.2710 5.0000 0.6448 -0.2723 8.0000
136 1 2 2 2 2 2 4 7 16.22541 43.88652 3 4 1 1 -0.3834 0.2106 5.0000 0.9288 -0.9656 5.0000
123 3 3 3 1 1 2 2 2 11.9407 44.92069 3 1 2 2 2.0350 3.1265 8.0000 0.0013 0.9326 2.0000
54 1 2 1 1 1 2 2 3 41.76887 15.72052 4 3 2 1 0.0099 0.1747 2.0000 -0.1452 0.5159 2.0000
106 3 1 3 2 1 2 5 7 25.85625 18.29244 4 4 3 4 -3.3570 -1.6269 8.0000 0.1373 -0.4153 5.0000
112 3 2 2 2 1 2 8 4 25.80709 43.99289 2 3 4 3 2.2019 -0.7665 5.0000 -1.3395 0.0235 5.0000
61 1 2 3 2 1 2 2 2 27.78513 14.14503 4 3 2 1 0.2071 0.6686 8.0000 0.6871 1.1501 5.0000
69 1 3 3 1 1 2 8 3 39.67038 18.04667 1 1 4 2 0.6969 -0.0650 8.0000 -0.2889 0.8867 2.0000
65 1 3 1 3 1 2 4 3 10.62456 40.40932 4 4 4 3 -0.1444 0.0988 2.0000 -2.4182 2.8405 8.0000
144 1 3 2 1 2 2 5 3 33.91601 5.415766 3 3 3 1 -0.3630 -0.2441 5.0000 -0.0880 0.9285 2.0000
27 2 2 2 2 1 1 6 3 14.11682 7.960577 1 3 3 4 -0.6877 -1.1498 5.0000 -0.1855 1.3268 5.0000
71 1 3 3 3 1 2 4 8 21.50334 14.29145 1 3 2 2 -0.6419 0.2791 8.0000 3.2074 -1.9050 8.0000
160 2 3 2 2 2 2 3 7 15.77929 15.73502 2 1 3 4 -0.3643 1.2893 5.0000 0.6323 -2.2442 5.0000
48 1 1 2 1 1 2 6 2 23.84277 17.36019 2 4 3 2 -0.1579 -0.4080 5.0000 0.0812 0.1550 2.0000
115 3 2 3 2 1 2 3 8 2.030363 30.71793 3 3 3 2 -0.1322 3.7281 8.0000 1.2983 -0.3305 5.0000
81 2 2 1 1 1 2 5 2 39.10828 31.52764 4 4 3 4 -0.4158 -0.3380 2.0000 0.1249 0.5212 2.0000
5 1 1 3 3 1 1 7 1 7.9476 35.66511 2 2 4 1 0.0968 -0.6932 8.0000 0.5686 0.4081 8.0000
34 2 3 2 2 1 1 3 7 40.11548 34.38202 3 4 4 3 -0.8632 1.0246 5.0000 1.3166 -1.9242 5.0000
9 1 2 2 1 1 1 6 8 6.219893 43.97033 4 4 4 1 -0.2740 -0.3410 5.0000 0.5358 -0.0096 2.0000
137 1 2 2 3 2 2 4 1 32.7981 44.76236 2 3 2 2 -0.4276 0.0925 5.0000 1.5220 1.5095 8.0000
90 2 3 1 1 1 2 4 1 34.5857 16.17602 2 3 4 2 -0.5271 0.0969 2.0000 0.8957 0.2598 2.0000
8 1 2 1 3 1 1 4 2 8.190742 33.02666 3 4 4 1 -0.1401 0.1048 2.0000 0.4447 2.0970 8.0000
35 2 3 2 3 1 1 2 8 38.67078 14.8424 4 1 1 4 0.1477 1.3316 5.0000 3.2255 -1.8741 8.0000
108 3 2 1 1 1 2 1 8 26.77019 32.87357 3 4 4 2 0.8327 0.4201 2.0000 0.5239 -0.1126 2.0000
104 3 1 2 3 1 2 4 2 7.043148 4.425242 2 3 1 1 -1.8384 1.4341 5.0000 0.4552 0.5316 8.0000
14 1 2 3 3 1 1 2 7 6.229929 35.00861 2 3 3 3 0.4383 0.5457 8.0000 1.2298 -1.7557 8.0000
46 1 1 1 2 1 2 6 4 10.6129 18.84628 2 1 1 4 -0.0988 -0.1444 2.0000 -0.3927 0.1928 5.0000
113 3 2 2 3 1 2 2 4 41.59669 9.94613 4 3 2 1 0.1384 2.3274 5.0000 -1.7548 1.2312 8.0000
165 3 3 1 1 2 2 3 5 24.98714 30.34435 1 1 2 4 -0.3940 0.8453 2.0000 -0.8049 -0.4712 2.0000
60 1 2 3 1 1 2 2 4 20.63267 14.1627 2 2 1 4 0.2888 0.6376 8.0000 -0.4601 0.2747 2.0000
1 1 1 1 2 1 1 3 7 43.145 30.39908 3 1 3 4 -0.1197 0.1277 2.0000 0.2214 -0.3773 5.0000
52 1 1 3 2 1 2 1 3 27.79487 28.7314 4 3 3 2 0.6192 0.3264 8.0000 -0.2103 0.3836 5.0000
18 1 3 2 1 1 1 8 2 43.47254 14.41064 4 4 3 2 0.4373 -0.0117 5.0000 0.4746 0.8028 2.0000
10 1 2 2 2 1 1 5 3 21.32648 12.87113 3 3 1 2 -0.4075 -0.1591 5.0000 -0.2984 1.3061 5.0000
32 2 3 1 3 1 1 8 2 8.144458 41.77261 2 3 3 4 0.4288 -0.3214 2.0000 0.2100 3.7245 8.0000
140 1 2 3 3 2 2 6 6 13.95673 12.50052 1 3 4 4 -0.3609 -0.5997 8.0000 -1.1517 -1.8079 8.0000
131 1 1 3 3 2 2 4 8 2.363691 33.51382 1 1 3 3 -0.5149 0.4741 8.0000 0.6859 -0.1394 8.0000
109 3 2 1 2 1 2 4 2 40.17913 23.69803 3 1 1 2 -0.9293 0.0784 2.0000 0.4867 1.2482 5.0000
39 3 3 1 1 1 1 2 4 13.08382 35.8614 1 2 4 3 0.4931 0.7916 2.0000 -0.9208 0.1481 2.0000
114 3 2 3 1 1 2 2 2 44.01793 28.26612 2 3 2 2 0.0639 3.7299 8.0000 0.1543 0.5132 2.0000
148 1 3 3 2 2 2 4 8 15.44136 29.48633 1 1 2 1 -0.6088 0.3453 8.0000 2.2466 -0.6236 5.0000
103 3 1 2 2 1 2 8 2 40.23097 21.43226 3 4 1 1 2.3235 -0.1938 5.0000 0.1749 0.4010 5.0000
29 2 2 3 3 1 1 1 8 39.84837 5.987093 1 1 3 3 1.6457 1.3735 8.0000 1.6656 -1.3494 8.0000
117 3 3 1 1 1 2 4 4 22.59339 6.128762 2 1 4 3 -0.8622 0.3555 2.0000 -0.7261 0.5853 2.0000
23 1 3 3 3 1 1 3 8 22.59364 35.57068 1 4 2 4 -0.2689 0.6462 8.0000 3.6801 -0.6112 8.0000
162 2 3 3 1 2 2 5 3 19.87332 2.933811 4 4 4 3 -2.0159 -0.7287 8.0000 -0.0477 0.9314 2.0000
124 3 3 3 2 1 2 1 2 34.68658 24.07206 2 2 3 2 3.0675 2.1230 8.0000 0.8328 2.1777 5.0000
68 1 3 2 3 1 2 1 6 13.23307 34.7602 2 4 1 3 0.4258 0.1001 5.0000 -0.6632 -3.6710 8.0000
122 3 3 2 3 1 2 2 2 41.46478 9.770998 4 3 1 3 0.1438 2.3271 5.0000 2.1519 3.0472 8.0000
127 1 1 1 2 2 2 1 5 7.696288 1.69603 1 2 2 1 0.1734 0.0234 2.0000 -0.4373 -0.0129 5.0000
74 2 1 1 3 1 2 6 5 13.32623 7.288249 2 1 2 4 -0.2814 -0.4561 2.0000 -0.6943 -0.0888 8.0000
153 2 2 2 2 2 2 7 6 9.380806 15.57653 2 4 2 1 0.2184 -1.3218 5.0000 -0.6582 -1.1669 5.0000
7 1 2 1 2 1 1 8 7 24.11615 37.63255 2 4 1 4 0.1635 -0.0624 2.0000 0.8180 -1.0610 5.0000
138 1 2 3 1 2 2 3 2 44.05453 26.74079 2 2 3 2 -0.4867 0.5030 8.0000 0.1679 0.5089 2.0000
141 1 3 1 1 2 2 5 2 38.77216 4.79867 3 1 4 3 -0.1364 -0.1096 2.0000 0.6020 0.7123 2.0000
84 2 2 2 1 1 2 8 8 35.37284 2.070612 4 4 3 2 1.3209 -0.2241 5.0000 0.3924 -0.3650 2.0000
168 3 3 2 2 2 2 6 5 30.87314 31.87742 2 3 1 3 -0.5691 -2.2610 5.0000 -1.9799 -1.2313 5.0000
25 2 2 1 2 1 1 4 8 6.670418 37.67773 4 1 3 4 -0.4204 0.3324 2.0000 1.3288 -0.1708 5.0000
125 3 3 3 3 1 2 2 5 12.90798 28.05636 2 1 1 2 1.9819 3.1604 8.0000 -3.2921 -1.7546 8.0000
82 2 2 1 2 1 2 2 4 15.56263 34.51783 2 3 3 3 0.2634 0.4667 2.0000 -1.3174 0.2437 5.0000
143 1 3 1 3 2 2 7 5 36.7065 29.97711 4 3 2 4 0.1046 -0.1403 2.0000 -3.2314 -1.8639 8.0000
87 2 2 3 1 1 2 5 6 17.38458 20.70292 4 3 3 1 -2.0457 -0.6405 8.0000 -0.2205 -0.4884 2.0000
116 3 2 3 3 1 2 8 6 36.62047 31.78231 2 1 2 1 3.6906 -0.5436 8.0000 -0.4901 -2.0868 8.0000
36 2 3 3 1 1 1 3 5 26.87073 34.23386 1 4 2 4 -0.9689 1.9121 8.0000 -0.7710 -0.5247 2.0000
100 3 1 1 2 1 2 7 4 32.77536 34.48925 1 2 3 1 0.5049 -0.7841 2.0000 -0.4301 0.0798 5.0000
86 2 2 2 3 1 2 8 3 19.77789 3.474668 2 3 1 3 1.2120 -0.5709 5.0000 -0.1299 2.1397 8.0000
163 2 3 3 2 2 2 6 4 20.61792 30.11406 1 2 3 2 -0.8849 -1.9524 8.0000 -2.2533 0.5990 5.0000
156 2 3 1 1 2 2 7 2 41.62395 28.73616 3 3 2 1 0.3560 -0.4006 2.0000 0.2612 0.8953 2.0000
63 1 3 1 1 1 2 8 4 26.0274 1.977051 4 3 1 3 0.1655 -0.0569 2.0000 -0.6818 0.6363 2.0000
62 1 2 3 3 1 2 8 2 7.163719 1.46771 3 3 1 1 0.5528 -0.4293 8.0000 1.4764 1.5541 8.0000
95 2 3 2 3 1 2 5 8 2.308223 29.46787 3 3 1 3 -1.3387 -0.0540 5.0000 3.5942 -0.9989 8.0000
40 3 3 1 2 1 1 1 1 38.15342 1.233172 4 3 3 4 0.7334 0.5761 2.0000 2.3310 0.0502 5.0000
157 2 3 1 2 2 2 4 3 19.72644 25.6903 1 2 4 1 -0.4846 0.2288 2.0000 -1.0107 2.1011 5.0000
161 2 3 2 3 2 2 3 1 43.74432 9.33707 3 4 4 4 -0.9264 0.9679 5.0000 3.6810 0.6052 8.0000
85 2 2 2 2 1 2 7 5 6.885488 18.46224 3 2 1 1 0.1606 -1.3301 5.0000 -1.2708 -0.4243 5.0000
11 1 2 2 3 1 1 5 8 28.24517 34.4999 1 2 4 4 -0.3854 -0.2070 5.0000 2.1077 -0.3906 8.0000
38 2 3 3 3 1 1 2 4 18.16281 29.56305 2 3 1 3 0.9677 1.9127 8.0000 -3.5959 0.9930 8.0000
152 2 2 1 3 2 2 2 4 2.469687 23.03673 4 1 1 1 0.3623 0.3949 2.0000 -1.9880 0.8017 8.0000
167 3 3 1 3 2 2 4 3 38.00263 8.446255 3 1 4 4 -0.9257 0.1136 2.0000 -0.5479 3.6900 8.0000
13 1 2 3 2 1 1 3 2 36.80612 9.867525 4 1 1 1 -0.4193 0.5604 8.0000 0.7710 1.0957 5.0000
170 3 3 3 3 2 2 8 7 23.77719 32.08384 4 2 3 4 3.4775 -1.3504 8.0000 1.9815 -3.1607 8.0000
119 3 3 1 3 1 2 2 8 14.32913 29.8701 3 4 1 1 0.4757 0.8022 2.0000 3.6012 -0.9737 8.0000
142 1 3 1 2 2 2 4 6 36.42807 26.84822 3 2 3 4 -0.1730 0.0261 2.0000 -0.7264 -2.2155 5.0000
66 1 3 2 1 1 2 6 3 22.61097 38.27742 4 1 1 3 -0.1666 -0.4045 5.0000 -0.5777 0.7321 2.0000
166 3 3 1 2 2 2 8 4 35.72232 10.45045 4 2 3 2 0.9204 -0.1504 2.0000 -1.9203 1.3223 5.0000
111 3 2 2 1 1 2 5 4 23.38088 32.89729 3 1 2 3 -2.1401 -0.9253 5.0000 -0.5240 0.1124 2.0000
78 2 1 3 1 1 2 5 1 18.18242 20.06265 4 4 4 4 -2.0366 -0.6689 8.0000 0.1644 0.0600 2.0000
164 2 3 3 3 2 2 8 3 8.23443 29.49649 1 1 1 2 1.7172 -1.2830 8.0000 -1.8368 3.2469 8.0000
83 2 2 1 3 1 2 7 4 36.16977 21.49843 3 2 1 4 0.3163 -0.4326 2.0000 -1.9658 0.8548 8.0000
70 1 3 3 2 1 2 2 8 24.68807 2.616495 1 3 3 4 0.2430 0.6564 8.0000 1.7222 -1.5717 5.0000
99 3 1 1 1 1 2 6 3 18.77474 17.70926 4 4 2 4 -0.4121 -0.8366 2.0000 -0.0532 0.1667 2.0000
128 1 1 1 3 2 2 3 8 13.02501 19.88277 4 1 1 2 -0.0394 0.1705 2.0000 0.6337 -0.2971 8.0000
110 3 2 1 3 1 2 3 5 12.17763 40.06227 4 4 4 3 -0.1967 0.9116 2.0000 -1.6406 -1.3797 8.0000
20 1 3 2 3 1 1 8 8 29.08616 42.17702 3 1 2 1 0.4207 -0.1199 5.0000 3.7259 -0.1837 8.0000
93 2 3 2 1 1 2 7 1 30.25104 18.71864 4 4 4 3 0.6750 -1.1573 5.0000 0.8833 0.2993 2.0000
30 2 3 1 1 1 1 7 5 19.63862 10.21986 2 2 3 2 0.1801 -0.5047 2.0000 -0.9178 -0.1655 2.0000
118 3 3 1 2 1 2 6 1 28.85966 26.41239 4 3 2 2 -0.2593 -0.8959 2.0000 2.0882 1.0371 5.0000
28 2 2 2 3 1 1 6 2 10.82568 24.90061 3 2 2 2 -0.7526 -1.1084 5.0000 0.7366 2.0130 8.0000
158 2 3 1 3 2 2 1 6 43.74857 17.25545 2 3 4 3 0.3871 0.3706 2.0000 -1.7366 -3.3016 8.0000
92 2 3 1 3 1 2 8 1 2.604618 37.82953 4 2 2 2 0.3958 -0.3613 2.0000 2.9465 2.2879 8.0000
37 2 3 3 2 1 1 3 2 28.93528 27.55184 2 3 1 2 -1.0371 1.8760 8.0000 0.6991 2.2243 5.0000
22 1 3 3 2 1 1 2 1 40.92307 1.717853 1 1 4 2 0.0498 0.6981 8.0000 2.3305 0.0699 5.0000
96 2 3 3 1 1 2 5 1 11.64447 0.9716839 2 2 1 3 -2.0995 -0.4327 8.0000 0.9325 0.0158 2.0000
139 1 2 3 2 2 2 4 8 33.80926 26.02546 2 1 1 4 -0.6866 0.1358 8.0000 1.2669 -0.4356 5.0000
97 2 3 3 2 1 2 7 5 7.160602 6.891636 3 3 4 2 0.2672 -2.1269 8.0000 -2.3147 -0.2798 5.0000
80 2 1 3 3 1 2 2 1 6.536017 0.7847661 3 2 1 2 1.3334 1.6784 8.0000 0.6998 0.0096 8.0000
91 2 3 1 2 1 2 7 7 11.10443 10.46594 3 2 2 1 0.1032 -0.5259 2.0000 0.4235 -2.2927 5.0000
12 1 2 3 1 1 1 7 7 1.600426 41.55851 3 2 3 2 0.0195 -0.6996 8.0000 0.3555 -0.4010 2.0000
98 2 3 3 3 1 2 6 2 35.97365 19.70378 4 1 4 1 -0.3363 -2.1170 8.0000 1.5940 3.3728 8.0000
21 1 3 3 1 1 1 1 8 23.67941 30.3085 2 3 3 3 0.6410 0.2811 8.0000 0.9021 -0.2365 2.0000
155 2 2 3 3 2 2 2 8 29.96974 25.38257 4 4 4 3 0.5559 2.0703 8.0000 2.0192 -0.7197 8.0000
147 1 3 3 1 2 2 1 1 33.63845 27.21937 2 4 4 3 0.5827 0.3877 8.0000 0.8293 0.4266 2.0000
59 1 2 2 3 1 2 7 6 27.80553 13.76682 1 4 2 4 0.2041 -0.3869 5.0000 -1.1115 -1.8329 8.0000
