50 1 1 2 3 1 2 8 3 7.686417 34.23822 2 3 1 1 0.3479 -0.2652 5.0000 -0.3938 0.5786 8.0000
4 1 1 2 3 1 1 3 5 6.251457 3.51813 3 2 4 3 -0.0476 0.4348 5.0000 -0.6986 -0.0429 8.0000
119 3 3 1 3 1 2 7 2 43.54154 16.32794 3 3 2 1 0.6425 -0.6760 2.0000 1.7899 3.2730 8.0000
56 1 2 1 3 1 2 1 4 44.93656 26.68429 1 1 2 2 0.1239 0.1236 2.0000 -2.0350 0.6736 8.0000
129 1 1 2 2 2 2 6 1 12.31709 40.58859 1 3 3 2 -0.2362 -0.3682 5.0000 0.3322 0.2846 5.0000
163 2 3 3 2 2 2 3 7 38.13794 21.6594 4 3 3 1 -1.3238 1.6860 8.0000 0.8605 -2.1669 5.0000
87 2 2 3 1 1 2 5 7 21.89103 15.91441 4 4 4 3 -1.9890 -0.7992 8.0000 0.1469 -0.5154 2.0000
53 1 1 3 3 1 2 1 6 32.12533 35.28584 4 4 1 4 0.5927 0.3722 8.0000 -0.1181 -0.6899 8.0000
46 1 1 1 2 1 2 1 6 38.57899 27.59303 4 1 2 2 0.1368 0.1091 2.0000 -0.1309 -0.4174 5.0000
47 1 1 1 3 1 2 3 7 16.58281 1.327795 1 3 2 4 -0.0499 0.1677 2.0000 0.0162 -0.6997 8.0000
143 1 3 1 3 2 2 5 6 26.33089 43.69806 2 3 3 1 -0.1568 -0.0776 2.0000 -0.0848 -3.7295 8.0000
23 1 3 3 3 1 1 8 1 4.823239 11.36382 2 3 2 2 0.5348 -0.4515 8.0000 3.6573 0.7350 8.0000
120 3 3 2 1 1 2 1 7 10.56171 37.38698 3 3 3 3 2.2920 0.4274 5.0000 0.5663 -0.7410 2.0000
68 1 3 2 3 1 2 8 6 2.321752 31.98537 3 2 3 4 0.3216 -0.2965 5.0000 -0.8401 -3.6346 8.0000
39 3 3 1 1 1 1 8 1 9.218651 42.2578 4 4 1 1 0.7566 -0.5453 2.0000 0.6903 0.6272 2.0000
12 1 2 3 1 1 1 1 2 1.975206 25.1782 3 1 2 1 0.6995 0.0241 8.0000 0.1817 0.5041 2.0000
118 3 3 1 2 1 2 3 7 22.80787 17.8082 2 4 1 4 -0.3615 0.8597 2.0000 0.7131 -2.2198 5.0000
67 1 3 2 2 1 2 6 3 3.717209 9.949783 4 4 1 4 -0.2886 -0.3287 5.0000 -0.4029 2.2965 5.0000
11 1 2 2 3 1 1 6 6 1.185451 27.61741 3 3 3 4 -0.3029 -0.3157 5.0000 -0.6404 -2.0457 8.0000
24 2 2 1 1 1 1 1 4 13.74286 5.695016 2 3 1 4 0.5206 0.1273 2.0000 -0.4147 0.3395 2.0000
158 2 3 1 3 2 2 2 8 43.97371 43.61318 4 2 4 3 0.0096 0.5358 2.0000 3.7294 -0.0903 8.0000
130 1 1 2 3 2 2 1 5 4.629096 12.07744 4 1 2 4 0.4360 0.0353 5.0000 -0.6844 -0.1464 8.0000
116 3 2 3 3 1 2 1 6 31.75565 40.80118 1 2 1 2 3.1720 1.9633 8.0000 -0.1569 -2.1378 8.0000
127 1 1 1 2 2 2 4 7 0.6796074 8.483924 4 3 2 1 -0.1252 0.1223 2.0000 0.0645 -0.4327 5.0000
61 1 2 3 2 1 2 8 1 17.35693 0.9051383 4 4 4 3 0.6200 -0.3247 8.0000 1.3396 0.0212 5.0000
33 2 3 2 1 1 1 3 8 22.56609 14.56022 3 1 4 2 -0.5141 1.2372 5.0000 0.8041 -0.4725 2.0000
115 3 2 3 2 1 2 4 5 36.35283 8.772052 2 3 1 2 -3.6881 0.5609 8.0000 -1.3241 -0.2043 5.0000
108 3 2 1 1 1 2 4 3 41.06033 38.3627 4 1 4 4 -0.9304 0.0641 2.0000 -0.3326 0.4202 2.0000
27 2 2 2 2 1 1 2 7 19.24345 20.64816 1 3 3 3 0.5822 1.2066 5.0000 0.4724 -1.2537 5.0000
5 1 1 3 3 1 1 4 6 37.48229 7.520072 4 1 4 2 -0.6939 0.0916 8.0000 -0.4259 -0.5554 8.0000
31 2 3 1 2 1 1 8 3 22.12146 36.13911 4 2 1 1 0.4937 -0.2083 2.0000 -1.3750 1.8829 5.0000
21 1 3 3 1 1 1 3 8 3.035182 5.009503 2 4 3 2 -0.0371 0.6989 8.0000 0.7145 -0.5994 2.0000
78 2 1 3 1 1 2 7 4 32.5134 9.925021 4 2 2 3 1.1522 -1.8076 8.0000 -0.1432 0.1006 2.0000
114 3 2 3 1 1 2 1 2 24.52057 13.71797 4 1 4 4 3.3940 1.5482 8.0000 0.2783 0.4580 2.0000
45 1 1 1 1 1 2 8 6 20.34192 26.82 3 4 4 4 0.1590 -0.0730 2.0000 -0.0546 -0.1662 2.0000
69 1 3 3 1 1 2 8 4 43.47471 33.27265 1 1 1 4 0.6997 -0.0186 8.0000 -0.9131 0.1896 2.0000
140 1 2 3 3 2 2 4 6 44.90294 4.18629 4 4 2 1 -0.6999 0.0012 8.0000 -1.4011 -1.6224 8.0000
43 3 3 2 3 1 1 7 2 14.49363 28.44884 1 2 3 2 0.5835 -2.2573 5.0000 1.0627 3.5759 8.0000
63 1 3 1 1 1 2 6 1 34.07706 20.30751 3 2 4 3 -0.0332 -0.1718 2.0000 0.8746 0.3237 2.0000
151 2 2 1 2 2 2 5 8 27.27413 11.44764 3 4 1 2 -0.4763 -0.2456 2.0000 1.1165 -0.7405 5.0000
128 1 1 1 3 2 2 8 3 7.468418 13.72667 4 2 4 1 0.1388 -0.1066 2.0000 -0.1661 0.6799 8.0000
6 1 2 1 1 1 1 8 1 31.79447 9.855991 3 2 2 4 0.1704 -0.0400 2.0000 0.5280 0.0917 2.0000
154 2 2 2 3 2 2 3 6 31.23003 4.357608 4 1 2 1 -0.6946 1.1456 5.0000 -1.3962 -1.6265 8.0000
83 2 2 1 3 1 2 6 4 23.04415 25.49516 3 1 3 3 -0.2004 -0.4970 2.0000 -2.0206 0.7157 8.0000
131 1 1 3 3 2 2 8 3 33.17026 22.15696 1 2 3 3 0.6850 -0.1435 8.0000 -0.2640 0.6482 8.0000
160 2 3 2 2 2 2 6 5 7.913879 29.16801 2 3 2 4 -0.8079 -1.0688 5.0000 -2.0359 -1.1363 5.0000
136 1 2 2 2 2 2 4 4 40.42376 1.49435 1 1 3 4 -0.4360 0.0349 5.0000 -0.9717 0.9223 5.0000
123 3 3 3 1 1 2 6 1 21.37501 29.30127 2 4 4 2 -1.4950 -3.4178 8.0000 0.8133 0.4564 2.0000
155 2 2 3 3 2 2 8 1 8.283648 42.85078 4 2 4 1 1.7183 -1.2816 8.0000 1.5715 1.4578 8.0000
96 2 3 3 1 1 2 7 7 11.60247 8.706928 4 4 4 2 0.4311 -2.0998 8.0000 0.1412 -0.9219 2.0000
146 1 3 2 3 2 2 6 1 0.6055355 39.21023 1 2 3 3 -0.3060 -0.3126 5.0000 2.8905 2.3583 8.0000
52 1 1 3 2 1 2 6 2 3.615408 26.74044 4 1 1 2 -0.4627 -0.5251 8.0000 0.1371 0.4154 5.0000
132 1 2 1 1 2 2 2 1 42.52207 5.327661 4 1 2 3 0.0076 0.1748 2.0000 0.5336 0.0498 2.0000
161 2 3 2 3 2 2 2 5 5.983134 38.08185 4 2 3 3 0.8434 1.0409 5.0000 -2.9364 -2.3009 8.0000
98 2 3 3 3 1 2 1 1 25.51088 34.35424 2 2 1 1 1.9346 0.9232 8.0000 3.0797 2.1051 8.0000
15 1 3 1 1 1 1 8 1 8.174337 9.459808 4 2 1 3 0.1401 -0.1049 2.0000 0.9199 0.1533 2.0000
100 3 1 1 2 1 2 5 5 39.77754 9.390601 1 4 4 3 -0.7167 -0.5967 2.0000 -0.4316 -0.0714 5.0000
170 3 3 3 3 2 2 2 3 25.34814 35.3905 4 1 4 1 1.2546 3.5132 8.0000 -2.1605 3.0412 8.0000
64 1 3 1 2 1 2 2 2 6.421251 25.83612 4 1 3 1 0.1091 0.1368 2.0000 0.7654 2.2023 5.0000
8 1 2 1 3 1 1 4 5 41.62313 21.42953 3 4 3 4 -0.1747 0.0103 2.0000 -1.9954 -0.7832 8.0000
49 1 1 2 2 1 2 2 8 22.74119 11.62785 2 4 2 4 0.1657 0.4048 5.0000 0.3653 -0.2406 5.0000
162 2 3 3 1 2 2 8 6 7.731275 43.30307 2 2 4 1 1.7059 -1.2981 8.0000 -0.0276 -0.9322 2.0000
36 2 3 3 1 1 1 5 7 17.48509 44.90717 4 3 2 2 -2.0445 -0.6441 8.0000 0.6584 -0.6605 2.0000
93 2 3 2 1 1 2 6 5 40.80413 30.73822 1 1 1 4 -0.0980 -1.3362 5.0000 -0.8016 -0.4767 2.0000
88 2 2 3 2 1 2 2 6 19.28493 10.90464 4 4 2 3 0.9301 1.9313 8.0000 -0.7510 -1.1095 5.0000
77 2 1 2 3 1 2 5 8 14.56376 28.60156 4 4 4 3 -1.2967 -0.3369 5.0000 0.6714 -0.1976 8.0000
10 1 2 2 2 1 1 3 7 35.63908 25.38516 1 2 3 4 -0.2549 0.3555 5.0000 0.5744 -1.2104 5.0000
76 2 1 2 2 1 2 8 1 4.034702 4.156925 3 2 1 4 1.0117 -0.8783 5.0000 0.4363 0.0317 5.0000
95 2 3 2 3 1 2 3 6 20.04248 23.63456 1 2 2 4 -0.4592 1.2586 5.0000 -1.3591 -3.4741 8.0000
7 1 2 1 2 1 1 3 2 44.78799 40.6151 1 4 4 1 -0.1233 0.1242 2.0000 0.1024 1.3358 5.0000
35 2 3 2 3 1 1 3 3 23.04163 16.25397 3 3 3 3 -0.5244 1.2329 5.0000 -1.0441 3.5814 8.0000
44 3 3 3 3 1 1 1 8 3.894407 37.51287 1 4 3 2 3.7218 0.2534 8.0000 3.6987 -0.4861 8.0000
85 2 2 2 2 1 2 5 4 18.06696 24.60941 2 1 3 1 -1.2737 -0.4155 5.0000 -1.2558 0.4668 5.0000
90 2 3 1 1 1 2 6 8 22.45332 25.67603 1 3 1 2 -0.2055 -0.4949 2.0000 0.8801 -0.3086 2.0000
28 2 2 2 3 1 1 7 2 33.48502 9.612823 3 4 4 3 0.7392 -1.1174 5.0000 1.2414 1.7476 8.0000
40 3 3 1 2 1 1 3 5 25.52629 18.56152 1 2 4 3 -0.4019 0.8416 2.0000 -2.2103 -0.7422 5.0000
157 2 3 1 2 2 2 7 7 7.015296 23.11442 2 1 1 3 0.0655 -0.5319 2.0000 0.9153 -2.1444 5.0000
107 3 1 3 3 1 2 1 8 10.77973 37.1998 3 1 3 1 3.6646 0.6977 8.0000 0.6934 -0.0950 8.0000
79 2 1 3 2 1 2 3 6 12.55398 32.28303 2 1 1 1 -0.4659 2.0923 8.0000 -0.0963 -0.4267 5.0000
110 3 2 1 3 1 2 5 1 31.37143 1.702441 3 3 3 1 -0.7963 -0.4855 2.0000 2.1426 0.0637 8.0000
32 2 3 1 3 1 1 4 7 20.92198 37.7597 2 4 1 2 -0.4893 0.2186 2.0000 2.2844 -2.9493 8.0000
57 1 2 2 1 1 2 3 2 15.64526 31.40203 3 2 4 4 -0.1180 0.4212 5.0000 0.1260 0.5209 2.0000
66 1 3 2 1 1 2 1 5 2.423156 30.03507 3 1 2 1 0.4371 0.0185 5.0000 -0.8074 -0.4668 2.0000
54 1 2 1 1 1 2 6 7 10.75034 2.598932 1 3 2 2 -0.0985 -0.1446 2.0000 0.0243 -0.5353 2.0000
97 2 3 3 2 1 2 6 2 31.85107 44.18296 3 1 4 4 -0.4876 -2.0874 8.0000 0.0332 2.3313 5.0000
81 2 2 1 1 1 2 5 2 40.08467 27.1569 2 4 4 3 -0.4100 -0.3451 2.0000 0.1642 0.5101 2.0000
58 1 2 2 2 1 2 4 6 1.919877 39.90241 1 2 3 1 -0.3195 0.2988 5.0000 -0.1190 -1.3344 5.0000
121 3 3 2 2 1 2 8 6 33.06294 32.68393 4 3 2 1 2.2811 -0.4822 5.0000 -0.4973 -2.2779 5.0000
105 3 1 3 1 1 2 2 5 20.7136 30.43105 1 1 3 2 1.5343 3.4003 8.0000 -0.1509 -0.0886 2.0000
71 1 3 3 3 1 2 1 7 22.71131 38.50684 2 2 1 4 0.6456 0.2702 8.0000 2.3226 -2.9192 8.0000
34 2 3 2 2 1 1 6 8 22.09137 31.48756 2 3 3 3 -0.5215 -1.2341 5.0000 2.2670 -0.5448 5.0000
153 2 2 2 2 2 2 5 7 25.28317 24.51376 1 1 3 2 -1.2114 -0.5722 5.0000 0.5559 -1.2190 5.0000
72 2 1 1 1 1 2 6 1 17.15318 27.90132 3 4 2 2 -0.2503 -0.4738 2.0000 0.1546 0.0819 2.0000
89 2 2 3 3 1 2 4 3 5.859849 16.07478 4 3 4 2 -1.6626 1.3531 8.0000 -0.5935 2.0598 8.0000
134 1 2 1 3 2 2 6 5 40.87457 20.54346 1 4 2 1 -0.0126 -0.1745 2.0000 -2.0073 -0.7522 8.0000
152 2 2 1 3 2 2 7 4 18.01589 27.9942 1 4 3 1 0.1657 -0.5096 2.0000 -2.0499 0.6269 8.0000
82 2 2 1 2 1 2 6 7 24.42473 22.31937 1 3 1 4 -0.1883 -0.5017 2.0000 0.5088 -1.2394 5.0000
62 1 2 3 3 1 2 2 7 35.69882 37.81819 3 4 1 2 0.1131 0.6907 8.0000 1.3144 -1.6934 8.0000
104 3 1 2 3 1 2 3 8 42.70684 44.99389 2 1 2 3 -1.5814 1.7133 5.0000 0.6999 -0.0001 8.0000
84 2 2 2 1 1 2 7 1 42.06627 30.57035 3 2 1 4 0.8976 -0.9946 5.0000 0.4614 0.2726 2.0000
112 3 2 2 2 1 2 8 7 26.32879 25.31968 1 2 1 1 2.2088 -0.7464 5.0000 0.5730 -1.2110 5.0000
145 1 3 2 2 2 2 4 6 8.589909 37.94414 3 1 3 1 -0.3520 0.2596 5.0000 -0.2864 -2.3139 5.0000
126 1 1 1 1 2 2 5 3 39.98631 15.26323 3 2 1 3 -0.1341 -0.1124 2.0000 -0.0461 0.1688 2.0000
168 3 3 2 2 2 2 2 4 21.37556 37.50073 3 4 4 2 0.9343 2.1361 5.0000 -2.3116 0.3043 5.0000
59 1 2 2 3 1 2 1 7 19.89008 8.751989 3 1 1 1 0.4113 0.1488 5.0000 0.3262 -2.1186 8.0000
117 3 3 1 1 1 2 5 6 15.8058 28.33066 1 4 4 1 -0.8974 -0.2540 2.0000 -0.2675 -0.8934 2.0000
19 1 3 2 2 1 1 2 1 15.92003 17.18172 1 2 2 4 0.2126 0.3823 5.0000 2.2275 0.6887 5.0000
138 1 2 3 1 2 2 8 8 28.73495 34.90725 2 1 3 3 0.6719 -0.1960 8.0000 0.5276 -0.0939 2.0000
60 1 2 3 1 1 2 8 1 17.97626 33.25616 4 2 4 2 0.6235 -0.3180 8.0000 0.4481 0.2939 2.0000
73 2 1 1 2 1 2 5 3 5.324523 28.55707 3 1 3 4 -0.5336 -0.0497 2.0000 -0.2091 0.3842 5.0000
91 2 3 1 2 1 2 4 6 31.94458 2.764049 3 3 2 4 -0.5220 0.1211 2.0000 -1.5672 -1.7262 5.0000
26 2 2 1 3 1 1 3 8 2.295316 2.15508 2 3 3 1 -0.0215 0.5355 2.0000 1.5717 -1.4577 8.0000
169 3 3 2 3 2 2 8 6 1.668173 8.40562 2 4 2 4 1.6959 -1.6000 5.0000 -2.2239 -2.9951 8.0000
42 3 3 2 2 1 1 3 6 13.06215 32.09034 1 4 3 4 -0.5269 2.2712 5.0000 -0.5209 -2.2726 5.0000
94 2 3 2 2 1 2 4 1 39.88068 10.89647 4 2 3 1 -1.3344 0.1195 5.0000 2.2895 0.4407 5.0000
133 1 2 1 2 2 2 3 6 44.05822 10.07955 3 2 1 2 -0.1217 0.1257 2.0000 -0.7669 -1.0985 5.0000
75 2 1 2 1 1 2 3 4 15.36504 40.95874 2 1 3 4 -0.3550 1.2919 5.0000 -0.1745 0.0123 2.0000
0 1 1 1 1 1 1 6 4 31.31558 1.700639 3 2 2 2 -0.0414 -0.1700 2.0000 -0.1273 0.1200 2.0000
125 3 3 3 3 1 2 1 5 14.04611 31.28399 1 2 3 2 3.6189 0.9054 8.0000 -3.1881 -1.9372 8.0000
30 2 3 1 1 1 1 3 2 37.28781 17.46297 4 2 2 2 -0.3247 0.4264 2.0000 0.4312 0.8270 2.0000
124 3 3 3 2 1 2 2 6 24.39906 14.21332 3 1 2 2 1.3126 3.4919 8.0000 -1.1934 -2.0030 5.0000
137 1 2 2 3 2 2 1 3 24.75401 7.753344 4 4 2 3 0.3972 0.1832 5.0000 -0.2892 2.1240 8.0000
164 2 3 3 3 2 2 6 7 31.06216 43.06598 3 1 2 3 -0.5163 -2.0805 8.0000 2.5473 -2.7254 8.0000
159 2 3 2 1 2 2 8 6 10.31079 13.03126 3 4 2 3 1.1016 -0.7625 5.0000 -0.4938 -0.7912 2.0000
102 3 1 2 1 1 2 4 8 4.488505 23.97851 3 4 2 3 -1.7726 1.5146 5.0000 0.1633 -0.0628 2.0000
2 1 1 1 3 1 1 3 6 27.37927 40.03249 1 4 4 4 -0.0805 0.1554 2.0000 -0.0606 -0.6973 8.0000
80 2 1 3 3 1 2 1 6 39.9323 34.17937 4 1 2 3 1.6437 1.3759 8.0000 -0.1314 -0.6875 8.0000
48 1 1 2 1 1 2 5 2 18.57372 10.60808 1 3 2 3 -0.4147 -0.1393 5.0000 0.0988 0.1444 2.0000
156 2 3 1 1 2 2 3 3 8.349191 14.56313 3 4 2 2 -0.0778 0.5302 2.0000 -0.2345 0.9027 2.0000
113 3 2 2 3 1 2 1 5 23.05394 23.636 1 2 2 1 2.1453 0.9130 5.0000 -1.9638 -0.8594 8.0000
167 3 3 1 3 2 2 1 5 3.489211 37.71315 4 3 3 1 0.9309 0.0568 2.0000 -2.9511 -2.2820 8.0000
141 1 3 1 1 2 2 1 6 29.0821 29.48994 4 4 1 3 0.1529 0.0850 2.0000 -0.2494 -0.8987 2.0000
38 2 3 3 3 1 1 6 6 30.75146 37.72253 3 3 4 4 -0.5276 -2.0777 8.0000 -0.4726 -3.7004 8.0000
149 1 3 3 3 2 2 6 8 37.1462 37.3196 4 1 1 1 -0.0956 -0.6933 8.0000 3.6970 -0.4986 8.0000
99 3 1 1 1 1 2 4 4 23.17287 17.18436 3 3 4 1 -0.8658 0.3468 2.0000 -0.1548 0.0816 2.0000
109 3 2 1 2 1 2 7 7 36.29743 21.3219 1 3 1 4 0.5521 -0.7516 2.0000 0.4871 -1.2480 5.0000
20 1 3 2 3 1 1 7 5 3.44217 25.21689 3 4 4 4 0.0263 -0.4367 5.0000 -3.3750 -1.5893 8.0000
70 1 3 3 2 1 2 8 1 20.61635 31.06872 1 4 3 2 0.6375 -0.2890 8.0000 1.9971 1.2032 5.0000
135 1 2 2 1 2 2 3 7 6.960279 39.43571 3 4 3 4 -0.0530 0.4342 5.0000 0.3404 -0.4139 2.0000
3 1 1 2 2 1 1 1 6 44.88452 39.14449 3 3 4 2 0.3099 0.3087 5.0000 -0.0446 -0.4352 5.0000
74 2 1 1 3 1 2 3 2 8.949104 30.12214 3 3 3 2 -0.0834 0.5294 2.0000 0.1797 0.6764 8.0000
17 1 3 1 3 1 1 7 1 23.04046 31.85583 2 4 3 3 0.0685 -0.1610 2.0000 3.1686 1.9689 8.0000
166 3 3 1 2 2 2 7 3 23.58798 17.07899 3 1 4 3 0.3732 -0.8547 2.0000 -0.6847 2.2287 5.0000
55 1 2 1 2 1 2 5 5 21.10022 27.58661 2 4 4 4 -0.1632 -0.0630 2.0000 -1.1874 -0.6204 5.0000
165 3 3 1 1 2 2 6 5 9.605071 12.09579 3 2 2 2 -0.5402 -0.7602 2.0000 -0.9119 -0.1954 2.0000
144 1 3 2 1 2 2 7 8 12.28358 36.7949 3 4 3 3 0.0931 -0.4274 5.0000 0.9231 -0.1331 2.0000
142 1 3 1 2 2 2 5 1 38.05684 27.39165 3 3 2 4 -0.1378 -0.1079 2.0000 2.0701 1.0727 5.0000
25 2 2 1 2 1 1 2 3 41.87036 29.24243 3 4 3 2 0.0293 0.5351 2.0000 -0.6545 1.1690 5.0000
14 1 2 3 3 1 1 6 6 29.99914 15.82501 4 2 1 1 -0.1812 -0.6761 8.0000 -1.0450 -1.8716 8.0000
147 1 3 3 1 2 2 5 4 3.997908 24.41691 1 2 4 4 -0.6982 -0.0488 8.0000 -0.8731 0.3279 2.0000
65 1 3 1 3 1 2 5 8 37.96844 10.33231 3 4 2 4 -0.1379 -0.1077 2.0000 3.0682 -2.1219 8.0000
13 1 2 3 2 1 1 5 1 37.02379 41.00441 3 4 2 3 -0.5588 -0.4214 8.0000 1.0111 0.8790 5.0000
150 2 2 1 1 2 2 7 3 11.1292 44.05271 4 2 3 1 0.1034 -0.5258 2.0000 -0.3726 0.3852 2.0000
103 3 1 2 2 1 2 1 8 32.66044 27.83669 2 4 1 3 1.9629 1.2582 5.0000 0.4180 -0.1291 5.0000
106 3 1 3 2 1 2 8 6 39.8081 36.65169 3 4 4 1 3.7152 -0.3376 8.0000 -0.0635 -0.4328 5.0000
111 3 2 2 1 1 2 6 4 26.35829 39.64486 3 3 3 2 -0.7453 -2.2092 5.0000 -0.5336 0.0500 2.0000
16 1 3 1 2 1 1 1 7 41.68996 4.917117 1 4 2 4 0.1307 0.1164 2.0000 0.1998 -2.3230 5.0000
101 3 1 1 3 1 2 8 8 11.25827 4.376576 2 2 4 3 0.7755 -0.5180 2.0000 0.5312 -0.4557 8.0000
139 1 2 3 2 2 2 3 7 3.512074 11.14875 3 4 2 4 -0.0429 0.6986 8.0000 0.2590 -1.3145 5.0000
29 2 2 3 3 1 1 6 3 43.64588 15.51246 2 2 1 3 -0.0507 -2.1430 8.0000 -0.5733 2.0655 8.0000
86 2 2 2 3 1 2 3 4 12.11307 43.45905 3 2 4 2 -0.2811 1.3099 5.0000 -2.1428 0.0576 8.0000
9 1 2 2 1 1 1 6 4 29.92019 43.37828 2 2 1 4 -0.1138 -0.4224 5.0000 -0.5357 0.0152 2.0000
37 2 3 3 2 1 1 2 8 30.79578 28.23355 2 3 2 1 0.5260 2.0781 8.0000 2.2324 -0.6726 5.0000
92 2 3 1 3 1 2 8 2 42.23422 29.17065 1 4 2 3 0.5353 -0.0259 2.0000 1.0176 3.5890 8.0000
41 3 3 1 3 1 1 6 3 14.83575 27.67845 2 3 2 1 -0.4686 -0.8063 2.0000 -1.7328 3.3036 8.0000
22 1 3 3 2 1 1 4 6 25.24834 24.49845 2 2 3 2 -0.6587 0.2365 8.0000 -0.8166 -2.1839 5.0000
122 3 3 2 3 1 2 7 3 15.02952 33.14211 1 1 1 4 0.6046 -2.2518 5.0000 -2.0395 3.1236 8.0000
1 1 1 1 2 1 1 2 7 22.14857 8.016243 1 3 2 4 0.0680 0.1612 2.0000 0.0610 -0.4332 5.0000
51 1 1 3 1 1 2 1 4 4.181323 23.05256 1 2 2 4 0.6980 0.0510 8.0000 -0.1623 0.0654 2.0000
148 1 3 3 2 2 2 3 6 6.645715 16.91516 3 4 1 4 -0.0810 0.6952 8.0000 -1.0976 -2.0570 5.0000
18 1 3 2 1 1 1 3 4 6.358514 17.83966 2 4 4 1 -0.0484 0.4348 5.0000 -0.8298 0.4257 2.0000
