163 2 3 3 2 2 2 5 8 22.98492 35.62811 2 4 3 3 -1.9734 -0.8370 8.0000 2.3004 -0.3797 5.0000
45 1 1 1 1 1 2 5 8 11.73919 43.65514 1 4 3 2 -0.1713 -0.0356 2.0000 0.1749 -0.0041 2.0000
100 3 1 1 2 1 2 4 3 21.33311 28.90766 1 1 4 2 -0.8542 0.3744 2.0000 -0.2115 0.3829 5.0000
4 1 1 2 3 1 1 2 8 40.89047 42.9396 1 4 3 3 0.0313 0.4363 5.0000 0.6995 -0.0252 8.0000
7 1 2 1 2 1 1 4 1 2.166833 7.791276 1 3 3 1 -0.1283 0.1190 2.0000 1.3274 0.1816 5.0000
169 3 3 2 3 2 2 6 7 23.8254 41.50518 4 1 2 4 -0.8422 -2.1741 5.0000 2.4721 -2.7937 8.0000
39 3 3 1 1 1 1 5 6 38.96893 22.88229 2 4 1 1 -0.7251 -0.5865 2.0000 -0.3511 -0.8640 2.0000
112 3 2 2 2 1 2 5 6 2.008304 10.25505 3 2 2 1 -2.3301 -0.0817 5.0000 -0.7636 -1.1009 5.0000
43 3 3 2 3 1 1 1 6 22.12837 11.07904 2 2 3 4 2.1598 0.8783 5.0000 -2.0818 -3.0956 8.0000
48 1 1 2 1 1 2 1 3 4.850426 19.62127 4 4 4 4 0.4359 0.0370 5.0000 -0.0588 0.1648 2.0000
76 2 1 2 2 1 2 4 4 22.36025 35.75513 3 3 1 3 -1.2365 0.5157 5.0000 -0.4318 0.0703 5.0000
165 3 3 1 1 2 2 5 4 42.89575 25.02031 3 1 2 1 -0.6832 -0.6348 2.0000 -0.8765 0.3187 2.0000
33 2 3 2 1 1 1 1 7 7.875384 13.10856 4 2 3 4 1.3271 0.1836 5.0000 0.2115 -0.9083 2.0000
151 2 2 1 2 2 2 2 3 21.41976 16.41297 3 1 4 4 0.2144 0.4912 2.0000 -0.3786 1.2852 5.0000
161 2 3 2 3 2 2 1 3 7.245038 17.32839 2 3 4 2 1.3290 0.1690 5.0000 -1.1111 3.5611 8.0000
26 2 2 1 3 1 1 7 1 21.02537 17.09589 1 2 4 3 0.1923 -0.5002 2.0000 2.0489 0.6302 8.0000
133 1 2 1 2 2 2 8 7 24.28275 39.30725 4 4 1 3 0.1637 -0.0619 2.0000 0.8487 -1.0366 5.0000
147 1 3 3 1 2 2 3 7 27.18136 1.624244 3 2 4 2 -0.3197 0.6226 8.0000 0.0264 -0.9322 2.0000
101 3 1 1 3 1 2 5 8 33.36897 10.48799 2 1 4 2 -0.7789 -0.5130 2.0000 0.5767 -0.3966 8.0000
41 3 3 1 3 1 1 2 8 26.49088 1.24145 2 2 4 2 0.2961 0.8844 2.0000 2.6944 -2.5801 8.0000
78 2 1 3 1 1 2 1 2 9.623991 23.69804 2 4 3 1 2.1134 0.3584 8.0000 0.0636 0.1630 2.0000
58 1 2 2 2 1 2 8 5 16.03714 12.59877 4 4 3 1 0.3827 -0.2118 5.0000 -1.3075 -0.2922 5.0000
59 1 2 2 3 1 2 2 3 31.64626 14.34913 1 3 3 1 0.1010 0.4256 5.0000 -0.5312 2.0767 8.0000
29 2 2 3 3 1 1 2 4 22.20213 11.7612 3 1 4 2 0.8306 1.9761 8.0000 -1.7929 1.1750 8.0000
46 1 1 1 2 1 2 6 4 19.15303 24.00106 3 2 1 4 -0.0763 -0.1575 2.0000 -0.4084 0.1568 5.0000
111 3 2 2 1 1 2 3 5 6.533947 32.75095 3 1 1 2 -0.2653 2.3164 5.0000 -0.4507 -0.2899 2.0000
129 1 1 2 2 2 2 6 3 23.95542 36.14512 1 1 4 2 -0.1571 -0.4083 5.0000 -0.2580 0.3532 5.0000
54 1 2 1 1 1 2 7 5 41.39918 20.19012 2 2 2 4 0.1157 -0.1313 2.0000 -0.5030 -0.1850 2.0000
64 1 3 1 2 1 2 8 1 41.13605 2.535476 1 3 4 2 0.1746 -0.0118 2.0000 2.3293 0.1031 5.0000
30 2 3 1 1 1 1 8 4 3.375206 27.7886 3 4 2 1 0.4006 -0.3560 2.0000 -0.8909 0.2760 2.0000
36 2 3 3 1 1 1 7 3 3.674782 27.89361 1 4 3 4 0.1374 -2.1392 8.0000 -0.4363 0.8243 2.0000
11 1 2 2 3 1 1 3 2 20.58185 17.06941 2 1 3 3 -0.1538 0.4095 5.0000 1.0041 1.8939 8.0000
8 1 2 1 3 1 1 6 3 24.1532 39.55055 4 2 2 4 -0.0623 -0.1635 2.0000 -1.3650 1.6528 8.0000
154 2 2 2 3 2 2 3 1 23.6594 38.10802 2 2 4 4 -0.5376 1.2271 5.0000 1.6867 1.3229 8.0000
42 3 3 2 2 1 1 6 1 3.158028 23.68637 2 1 2 3 -1.5553 -1.7370 5.0000 2.1351 0.9366 5.0000
17 1 3 1 3 1 1 6 5 24.46388 12.29556 4 4 2 3 -0.0614 -0.1639 2.0000 -3.6449 -0.7944 8.0000
31 2 3 1 2 1 1 3 1 7.100945 2.447285 2 4 3 2 -0.0662 0.5318 2.0000 2.3294 0.0996 5.0000
82 2 2 1 2 1 2 2 4 4.23009 2.195281 2 3 1 4 0.3500 0.4059 2.0000 -0.9829 0.9104 5.0000
20 1 3 2 3 1 1 1 8 9.315092 43.8475 3 4 3 3 0.4317 0.0708 5.0000 3.7297 -0.0750 8.0000
15 1 3 1 1 1 1 1 2 35.74885 19.36074 3 4 2 3 0.1420 0.1022 2.0000 0.4035 0.8408 2.0000
170 3 3 3 3 2 2 1 5 21.93957 6.421857 4 4 4 1 3.4603 1.3938 8.0000 -3.7071 -0.4172 8.0000
88 2 2 3 2 1 2 6 5 21.96058 37.15846 1 1 3 1 -0.8389 -1.9726 8.0000 -1.0677 -0.8092 5.0000
124 3 3 3 2 1 2 5 8 41.26707 5.866297 2 3 4 4 -2.8040 -2.4605 8.0000 1.8085 -1.4715 5.0000
6 1 2 1 1 1 1 6 7 34.11927 43.42409 3 3 1 1 -0.0330 -0.1718 2.0000 0.3684 -0.3892 2.0000
109 3 2 1 2 1 2 2 5 7.347638 2.634659 3 2 3 2 0.5697 0.7384 2.0000 -1.3383 -0.0616 5.0000
117 3 3 1 1 1 2 8 5 38.02931 8.329632 1 4 4 3 0.9257 -0.1132 2.0000 -0.9228 -0.1351 2.0000
51 1 1 3 1 1 2 7 3 19.44992 8.110479 3 4 2 3 0.2331 -0.6600 8.0000 -0.0247 0.1732 2.0000
65 1 3 1 3 1 2 5 8 22.59274 6.00302 1 1 1 2 -0.1615 -0.0672 2.0000 2.8992 -2.3475 8.0000
157 2 3 1 2 2 2 8 8 29.26186 4.316243 4 4 3 4 0.5158 -0.1454 2.0000 1.7681 -1.5199 5.0000
2 1 1 1 3 1 1 4 5 7.34613 12.15417 1 2 4 1 -0.1385 0.1069 2.0000 -0.6842 -0.1474 8.0000
73 2 1 1 2 1 2 7 2 9.01897 38.99494 1 2 4 4 0.0840 -0.5293 2.0000 0.0458 0.4350 5.0000
127 1 1 1 2 2 2 4 7 42.08605 40.65563 2 2 3 3 -0.1748 0.0089 2.0000 0.2850 -0.3319 5.0000
28 2 2 2 3 1 1 6 3 37.79049 35.79775 4 1 3 3 -0.1681 -1.3292 5.0000 -1.2538 1.7386 8.0000
23 1 3 3 3 1 1 6 6 15.07215 29.61074 3 1 4 1 -0.3492 -0.6066 8.0000 -0.9900 -3.5967 8.0000
158 2 3 1 3 2 2 3 4 22.27477 19.97192 4 3 2 1 -0.2031 0.4959 2.0000 -3.3802 1.5782 8.0000
136 1 2 2 2 2 2 2 1 17.14113 18.58256 2 1 1 3 0.2044 0.3867 5.0000 1.2699 0.4269 5.0000
57 1 2 2 1 1 2 2 4 34.46073 28.64725 1 4 2 1 0.0800 0.4301 5.0000 -0.5142 0.1509 2.0000
118 3 3 1 2 1 2 4 3 15.61957 29.74766 1 3 2 1 -0.8127 0.4575 2.0000 -1.1569 2.0243 5.0000
155 2 2 3 3 2 2 1 8 0.8044481 13.11354 4 2 1 3 2.1434 0.0301 8.0000 1.8201 -1.1323 8.0000
107 3 1 3 3 1 2 6 4 5.298018 39.77348 2 4 4 2 -2.3830 -2.8701 8.0000 -0.6970 0.0638 8.0000
90 2 3 1 1 1 2 5 2 41.3963 33.00705 3 1 2 1 -0.4020 -0.3544 2.0000 0.1938 0.9123 2.0000
62 1 2 3 3 1 2 1 5 20.10713 16.5912 4 3 3 1 0.6573 0.2406 8.0000 -2.0543 -0.6121 8.0000
104 3 1 2 3 1 2 2 7 1.800224 37.52314 2 2 4 1 1.5960 1.6996 5.0000 0.4263 -0.5551 8.0000
85 2 2 2 2 1 2 5 7 29.38268 8.997379 4 3 3 4 -1.1674 -0.6573 5.0000 0.2095 -1.3233 5.0000
84 2 2 2 1 1 2 8 6 21.04188 2.153299 4 3 3 3 1.2243 -0.5440 5.0000 -0.3644 -0.3929 2.0000
113 3 2 2 3 1 2 3 7 39.38101 41.6943 1 2 4 3 -1.4793 1.8021 5.0000 1.4258 -1.6006 8.0000
27 2 2 2 2 1 1 4 7 22.62704 2.846907 4 3 2 4 -1.2389 0.5100 5.0000 0.0665 -1.3381 5.0000
93 2 3 2 1 1 2 3 7 42.28214 12.56175 1 3 4 1 -0.9014 0.9912 5.0000 0.2028 -0.9103 2.0000
13 1 2 3 2 1 1 5 4 35.51006 5.564822 2 2 4 2 -0.5697 -0.4065 8.0000 -1.0347 0.8510 5.0000
80 2 1 3 3 1 2 7 6 12.29487 7.958817 2 2 1 2 0.4565 -2.0944 8.0000 -0.4216 -0.5587 8.0000
81 2 2 1 1 1 2 3 8 3.77081 2.756839 2 4 1 4 -0.0352 0.5347 2.0000 0.3967 -0.3603 2.0000
3 1 1 2 2 1 1 5 2 20.61179 40.80095 4 2 1 3 -0.4094 -0.1540 5.0000 0.0320 0.4363 5.0000
125 3 3 3 3 1 2 2 6 34.23892 19.61845 2 3 4 4 0.6965 3.6649 8.0000 -1.5990 -3.3704 8.0000
9 1 2 2 1 1 1 5 3 38.88379 19.69498 3 3 3 4 -0.3405 -0.2746 5.0000 -0.1806 0.5045 2.0000
19 1 3 2 2 1 1 1 2 13.85209 39.55664 4 3 3 2 0.4247 0.1047 5.0000 0.2212 2.3210 5.0000
77 2 1 2 3 1 2 4 2 21.74648 43.18325 4 1 1 4 -1.2309 0.5289 5.0000 0.0222 0.6996 8.0000
16 1 3 1 2 1 1 3 6 24.81155 22.30281 3 4 3 4 -0.0734 0.1588 2.0000 -0.8996 -2.1510 5.0000
131 1 1 3 3 2 2 1 6 34.58272 18.77257 1 4 3 4 0.5762 0.3973 8.0000 -0.3093 -0.6279 8.0000
126 1 1 1 1 2 2 5 8 31.50454 20.78757 3 2 4 4 -0.1492 -0.0914 2.0000 0.1596 -0.0718 2.0000
75 2 1 2 1 1 2 6 5 21.24242 27.01344 1 4 4 2 -0.5397 -1.2262 5.0000 -0.1559 -0.0795 2.0000
32 2 3 1 3 1 1 6 3 20.67712 7.499365 4 3 3 2 -0.2207 -0.4883 2.0000 -0.4869 3.6986 8.0000
79 2 1 3 2 1 2 5 1 26.02767 34.30521 4 4 4 4 -1.9262 -0.9406 8.0000 0.3613 0.2465 5.0000
108 3 2 1 1 1 2 8 5 42.60509 20.63787 3 3 4 1 0.9318 -0.0390 2.0000 -0.5015 -0.1889 2.0000
156 2 3 1 1 2 2 2 2 37.88201 43.11634 2 3 2 4 0.0664 0.5318 2.0000 0.0307 0.9321 2.0000
12 1 2 3 1 1 1 2 6 4.027444 24.42193 2 2 3 4 0.4589 0.5284 8.0000 -0.1884 -0.5017 2.0000
120 3 3 2 1 1 2 1 3 19.66755 0.816679 2 2 4 3 2.1955 0.7847 5.0000 -0.0133 0.9325 2.0000
66 1 3 2 1 1 2 2 4 35.52142 24.92582 3 1 4 3 0.0720 0.4315 5.0000 -0.8760 0.3201 2.0000
98 2 3 3 3 1 2 6 2 5.596263 39.76891 1 4 4 1 -1.3607 -1.6563 8.0000 0.3401 3.7149 8.0000
5 1 1 3 3 1 1 7 8 2.389569 30.41789 4 3 2 3 0.0292 -0.6993 8.0000 0.6774 -0.1762 8.0000
56 1 2 1 3 1 2 3 5 14.83944 0.09208024 4 3 3 3 -0.0448 0.1691 2.0000 -2.1436 -0.0034 8.0000
83 2 2 1 3 1 2 6 8 37.66144 26.7359 4 1 1 1 -0.0685 -0.5315 2.0000 2.0356 -0.6718 8.0000
34 2 3 2 2 1 1 5 8 7.394024 18.79006 3 3 4 3 -1.3286 -0.1724 5.0000 2.0918 -1.0298 5.0000
69 1 3 3 1 1 2 3 6 7.066274 21.79255 1 4 2 1 -0.0861 0.6946 8.0000 -0.3675 -0.8572 2.0000
14 1 2 3 3 1 1 4 2 32.89778 37.41031 3 1 1 2 -0.6844 0.1467 8.0000 0.2831 2.1248 8.0000
72 2 1 1 1 1 2 4 5 10.00557 33.30932 2 4 2 2 -0.4390 0.3073 2.0000 -0.1462 -0.0961 2.0000
74 2 1 1 3 1 2 2 5 16.89509 23.53456 3 3 1 4 0.2525 0.4727 2.0000 -0.6417 -0.2795 8.0000
168 3 3 2 2 2 2 3 3 38.96808 1.920161 4 4 3 4 -1.4663 1.8128 5.0000 -0.0781 2.3302 5.0000
128 1 1 1 3 2 2 7 2 30.83105 6.051208 2 2 2 3 0.0897 -0.1502 2.0000 0.4400 0.5443 8.0000
10 1 2 2 2 1 1 7 6 31.0287 22.96245 1 4 4 1 0.2255 -0.3748 5.0000 -0.5027 -1.2419 5.0000
103 3 1 2 2 1 2 4 1 35.85241 26.84962 1 1 3 2 -2.3019 0.3707 5.0000 0.3903 0.1976 5.0000
149 1 3 3 3 2 2 2 5 15.74831 3.381386 4 1 1 4 0.3420 0.6107 8.0000 -3.7240 -0.2200 8.0000
60 1 2 3 1 1 2 7 7 33.21129 36.86581 1 1 1 2 0.3834 -0.5856 8.0000 0.3215 -0.4287 2.0000
94 2 3 2 2 1 2 3 7 15.31051 42.13114 4 4 2 1 -0.3538 1.2922 5.0000 1.5641 -1.7291 5.0000
18 1 3 2 1 1 1 8 3 6.256618 26.40235 4 3 3 1 0.3412 -0.2738 5.0000 -0.4147 0.8353 2.0000
91 2 3 1 2 1 2 6 1 28.89232 34.40803 4 4 4 4 -0.1487 -0.5149 2.0000 1.9236 1.3175 5.0000
99 3 1 1 1 1 2 3 2 6.309526 3.822754 3 2 3 4 -0.1025 0.9270 2.0000 0.1152 0.1317 2.0000
71 1 3 3 3 1 2 6 8 23.5327 0.1526445 2 4 1 2 -0.2561 -0.6514 8.0000 2.6449 -2.6308 8.0000
122 3 3 2 3 1 2 6 8 4.420855 16.98816 2 3 2 4 -1.5167 -1.7708 5.0000 3.2934 -1.7520 8.0000
86 2 2 2 3 1 2 3 1 2.563307 0.1844984 3 1 4 2 -0.0599 1.3384 5.0000 2.1436 0.0069 8.0000
162 2 3 3 1 2 2 5 2 42.32629 25.23684 4 3 2 4 -1.5848 -1.4434 8.0000 0.3153 0.8777 2.0000
115 3 2 3 2 1 2 2 3 36.82964 8.338881 3 2 3 1 0.5302 3.6926 8.0000 -0.1943 1.3256 5.0000
55 1 2 1 2 1 2 5 2 7.309717 31.37469 2 3 1 4 -0.1736 -0.0223 2.0000 0.3156 1.3020 5.0000
47 1 1 1 3 1 2 4 1 6.935699 7.435159 4 4 2 3 -0.1378 0.1079 2.0000 0.6940 0.0906 8.0000
92 2 3 1 3 1 2 1 5 12.78971 27.00648 2 3 4 3 0.5226 0.1186 2.0000 -3.3237 -1.6940 8.0000
164 2 3 3 3 2 2 3 2 17.4773 28.23368 1 3 2 1 -0.6438 2.0446 8.0000 1.0761 3.5719 8.0000
52 1 1 3 2 1 2 7 2 39.87294 5.710943 4 2 3 1 0.4487 -0.5372 8.0000 0.2770 0.3386 5.0000
21 1 3 3 1 1 1 1 6 15.85717 11.03226 2 3 1 4 0.6733 0.1912 8.0000 -0.5211 -0.7735 2.0000
35 2 3 2 3 1 1 5 5 17.4947 18.90446 1 4 2 2 -1.2778 -0.4028 5.0000 -3.5292 -1.2086 8.0000
139 1 2 3 2 2 2 4 2 15.53568 8.637829 2 1 2 2 -0.6094 0.3443 8.0000 0.7943 1.0789 5.0000
159 2 3 2 1 2 2 2 8 23.62481 9.787439 1 4 1 4 0.4883 1.2476 5.0000 0.7620 -0.5378 2.0000
150 2 2 1 1 2 2 4 1 20.65417 21.99485 1 1 1 4 -0.4882 0.2209 2.0000 0.4969 0.2007 2.0000
37 2 3 3 2 1 1 1 5 10.60522 12.6177 2 1 3 2 2.1070 0.3945 8.0000 -2.2752 -0.5093 5.0000
135 1 2 2 1 2 2 2 8 42.17992 18.67719 4 4 1 4 0.0215 0.4369 5.0000 0.4803 -0.2376 2.0000
144 1 3 2 1 2 2 2 2 4.66964 15.89013 4 1 1 1 0.2831 0.3335 5.0000 0.4537 0.8148 2.0000
137 1 2 2 3 2 2 4 6 26.87986 40.65186 3 1 1 2 -0.4157 0.1360 5.0000 -0.1625 -2.1374 8.0000
105 3 1 3 1 1 2 2 5 18.16157 37.48594 2 4 1 4 1.6842 3.3286 8.0000 -0.1388 -0.1065 2.0000
96 2 3 3 1 1 2 3 2 13.4761 43.60359 1 1 2 3 -0.4995 2.0846 8.0000 0.0227 0.9323 2.0000
102 3 1 2 1 1 2 4 5 21.5702 25.10392 3 2 1 3 -2.1393 0.9271 5.0000 -0.1584 -0.0742 2.0000
1 1 1 1 2 1 1 6 2 39.47599 31.44617 1 4 3 3 -0.0168 -0.1742 2.0000 0.1025 0.4253 5.0000
25 2 2 1 2 1 1 1 3 7.323949 28.15169 2 4 2 1 0.5315 0.0683 2.0000 -0.6321 1.1813 5.0000
132 1 2 1 1 2 2 8 5 1.967631 33.01297 1 2 2 1 0.1279 -0.1194 2.0000 -0.4494 -0.2920 2.0000
138 1 2 3 1 2 2 6 2 18.25439 28.57473 1 4 1 1 -0.3150 -0.6250 8.0000 0.1515 0.5140 2.0000
22 1 3 3 2 1 1 8 8 32.04788 37.562 4 3 3 1 0.6821 -0.1569 8.0000 2.3119 -0.3018 5.0000
63 1 3 1 1 1 2 7 8 21.85918 9.354805 4 4 2 3 0.0651 -0.1624 2.0000 0.7579 -0.5435 2.0000
166 3 3 1 2 2 2 4 8 11.88315 40.37268 3 3 2 4 -0.7811 0.5095 2.0000 2.3239 -0.1881 5.0000
44 3 3 3 3 1 1 4 8 32.81042 2.487416 1 2 3 2 -3.6464 0.7877 8.0000 2.7498 -2.5209 8.0000
123 3 3 3 1 1 2 1 2 8.122726 44.40252 4 4 4 1 3.6930 0.5271 8.0000 0.0097 0.9326 2.0000
110 3 2 1 3 1 2 7 8 40.91973 7.503823 3 1 2 2 0.6109 -0.7047 2.0000 1.7007 -1.3048 8.0000
116 3 2 3 3 1 2 2 5 11.03122 8.572377 1 3 1 1 2.0844 3.0938 8.0000 -2.1196 -0.3195 8.0000
140 1 2 3 3 2 2 7 5 25.36236 43.1951 3 1 1 2 0.2998 -0.6324 8.0000 -1.5627 -1.4673 8.0000
49 1 1 2 2 1 2 4 8 30.43927 42.36045 1 4 1 1 -0.4234 0.1100 5.0000 0.4370 -0.0201 5.0000
119 3 3 1 3 1 2 1 7 43.04363 6.245658 3 2 1 3 0.6816 0.6366 2.0000 0.4058 -3.7083 8.0000
68 1 3 2 3 1 2 7 6 40.8214 12.494 3 4 1 2 0.2860 -0.3310 5.0000 -2.0047 -3.1460 8.0000
146 1 3 2 3 2 2 2 1 4.47216 34.54667 3 1 4 1 0.2843 0.3325 5.0000 3.0726 2.1155 8.0000
142 1 3 1 2 2 2 7 3 21.97087 44.62354 1 3 4 4 0.0655 -0.1623 2.0000 -1.6378 1.6594 5.0000
70 1 3 3 2 1 2 6 6 11.45522 9.342574 1 2 3 3 -0.3868 -0.5833 8.0000 -1.3591 -1.8944 5.0000
145 1 3 2 2 2 2 8 2 14.22188 30.05634 4 4 3 4 0.3758 -0.2238 5.0000 0.6012 2.2527 5.0000
106 3 1 3 2 1 2 3 6 30.68907 34.16684 3 4 4 2 -1.9039 3.2080 8.0000 -0.0822 -0.4296 5.0000
40 3 3 1 2 1 1 2 1 35.15452 13.05787 3 1 3 4 0.1595 0.9189 2.0000 2.2713 0.5268 5.0000
114 3 2 3 1 1 2 8 6 30.29584 31.3511 4 2 4 3 3.6083 -0.9469 8.0000 -0.1265 -0.5208 2.0000
143 1 3 1 3 2 2 4 3 31.95279 3.347166 2 1 2 2 -0.1705 0.0395 2.0000 -0.2178 3.7241 8.0000
141 1 3 1 1 2 2 8 4 7.491834 21.29726 3 2 2 4 0.1388 -0.1065 2.0000 -0.8539 0.3749 2.0000
152 2 2 1 3 2 2 8 6 12.62329 27.03474 2 4 2 1 0.4526 -0.2870 2.0000 -0.6612 -2.0391 8.0000
53 1 1 3 3 1 2 8 6 39.33914 33.26925 1 2 3 2 0.6965 -0.0690 8.0000 -0.1423 -0.6853 8.0000
67 1 3 2 2 1 2 8 2 6.700523 42.48247 3 1 2 3 0.3433 -0.2711 5.0000 0.1024 2.3293 5.0000
148 1 3 3 2 2 2 1 6 33.07985 6.998221 4 3 4 4 0.5865 0.3820 8.0000 -1.4355 -1.8372 5.0000
0 1 1 1 1 1 1 4 1 41.17543 5.464491 3 3 4 2 -0.1746 0.0117 2.0000 0.1742 0.0167 2.0000
95 2 3 2 3 1 2 2 6 9.604738 35.04122 1 4 1 1 0.7760 1.0921 5.0000 -0.6451 -3.6743 8.0000
89 2 2 3 3 1 2 7 8 3.340428 1.086515 4 3 2 2 0.1249 -2.1400 8.0000 1.5442 -1.4867 8.0000
134 1 2 1 3 2 2 4 6 34.42333 36.13104 4 4 2 1 -0.1720 0.0321 2.0000 -0.3305 -2.1180 8.0000
50 1 1 2 3 1 2 8 3 34.64183 30.82334 1 1 2 2 0.4303 -0.0787 5.0000 -0.3586 0.6010 8.0000
153 2 2 2 2 2 2 6 4 21.47235 44.76517 2 3 2 3 -0.5348 -1.2284 5.0000 -1.3397 0.0055 5.0000
160 2 3 2 2 2 2 5 8 36.06236 12.86576 3 2 3 3 -1.0830 -0.7887 5.0000 1.9744 -1.2402 5.0000
38 2 3 3 3 1 1 3 2 12.6213 9.621915 2 1 3 3 -0.4684 2.0918 8.0000 2.1598 3.0416 8.0000
130 1 1 2 3 2 2 4 7 18.24934 1.290223 1 2 2 4 -0.3906 0.1969 5.0000 0.0158 -0.6997 8.0000
87 2 2 3 1 1 2 7 5 8.98628 41.26618 3 1 4 2 0.3348 -2.1173 8.0000 -0.4028 -0.3535 2.0000
167 3 3 1 3 2 2 1 1 10.14487 38.22612 4 2 1 3 0.9180 0.1643 2.0000 2.9306 2.3083 8.0000
121 3 3 2 2 1 2 2 5 5.191566 20.43674 2 3 2 2 1.4927 1.7911 5.0000 -2.1848 -0.8141 5.0000
97 2 3 3 2 1 2 6 5 21.78327 2.291765 3 4 3 4 -0.8450 -1.9700 8.0000 -2.3297 -0.0932 5.0000
24 2 2 1 1 1 1 4 7 33.4575 21.48984 1 3 4 1 -0.5251 0.1072 2.0000 0.1963 -0.4986 2.0000
61 1 2 3 2 1 2 5 5 35.11609 31.33233 1 3 4 2 -0.5725 -0.4026 8.0000 -1.1444 -0.6967 5.0000
