138 1 2 3 1 2 2 7 3 25.17147 7.571597 2 1 3 3 0.2977 -0.6334 8.0000 -0.0706 0.5312 2.0000
112 3 2 2 2 1 2 2 4 24.00298 25.37676 3 1 1 1 0.8354 2.1767 5.0000 -1.2619 0.4499 5.0000
57 1 2 2 1 1 2 7 7 0.4116493 32.8689 1 4 1 4 0.0031 -0.4374 5.0000 0.2908 -0.4501 2.0000
34 2 3 2 2 1 1 2 2 28.24871 23.40521 3 3 3 1 0.3861 1.2829 5.0000 0.8581 2.1679 5.0000
97 2 3 3 2 1 2 4 2 25.84328 27.69758 1 4 2 2 -2.0249 0.7034 8.0000 0.6934 2.2260 5.0000
91 2 3 1 2 1 2 3 6 7.237099 15.89908 2 1 2 1 -0.0675 0.5316 2.0000 -1.1339 -2.0372 5.0000
151 2 2 1 2 2 2 2 5 4.663278 12.51143 1 4 4 1 0.3469 0.4085 2.0000 -1.3079 -0.2902 5.0000
137 1 2 2 3 2 2 7 8 23.33879 25.1436 2 4 4 4 0.1733 -0.4017 5.0000 2.0162 -0.7281 8.0000
52 1 1 3 2 1 2 4 6 6.111579 29.92433 1 1 4 1 -0.5448 0.4394 8.0000 -0.1138 -0.4224 5.0000
153 2 2 2 2 2 2 2 8 9.264704 7.699201 3 2 3 3 0.7825 1.0875 5.0000 1.0657 -0.8119 5.0000
9 1 2 2 1 1 1 1 3 34.35649 35.90494 4 4 4 4 0.3611 0.2469 5.0000 -0.3143 0.4341 2.0000
28 2 2 2 3 1 1 7 8 31.30824 38.52189 4 2 4 4 0.6962 -1.1447 5.0000 2.1299 -0.2418 8.0000
64 1 3 1 2 1 2 6 1 19.66728 40.33505 1 4 4 3 -0.0749 -0.1582 2.0000 1.7773 1.5091 5.0000
43 3 3 2 3 1 1 7 5 31.35698 20.67675 3 4 4 3 1.2133 -1.9910 5.0000 -3.4902 -1.3172 8.0000
96 2 3 3 1 1 2 1 2 6.523293 19.69089 3 1 2 3 2.1297 0.2435 8.0000 0.3987 0.8431 2.0000
83 2 2 1 3 1 2 2 5 31.44115 34.41331 3 1 3 3 0.1256 0.5210 2.0000 -1.7684 -1.2115 8.0000
23 1 3 3 3 1 1 3 1 2.519077 1.044833 4 3 2 2 -0.0308 0.6992 8.0000 3.7298 0.0680 8.0000
1 1 1 1 2 1 1 4 2 7.190814 11.95015 2 1 4 1 -0.1382 0.1073 2.0000 0.2386 0.3667 5.0000
133 1 2 1 2 2 2 1 4 42.55079 32.46152 2 3 1 2 0.1289 0.1183 2.0000 -1.3078 0.2909 5.0000
82 2 2 1 2 1 2 7 4 11.06398 27.27829 3 1 1 2 0.1028 -0.5259 2.0000 -1.2762 0.4078 5.0000
104 3 1 2 3 1 2 3 4 17.86498 9.892984 3 4 2 3 -0.7153 2.2191 5.0000 -0.5726 0.4025 8.0000
76 2 1 2 2 1 2 7 3 9.732143 34.53993 2 4 1 3 0.2265 -1.3205 5.0000 -0.2480 0.3603 5.0000
167 3 3 1 3 2 2 8 4 19.16039 32.54452 4 1 3 1 0.8394 -0.4065 2.0000 -3.6427 0.8046 8.0000
115 3 2 3 2 1 2 2 4 4.16363 13.19781 3 3 4 4 2.4394 2.8224 8.0000 -1.1386 0.7060 5.0000
158 2 3 1 3 2 2 7 3 17.07582 25.97011 3 2 1 2 0.1574 -0.5123 2.0000 -1.6336 3.3538 8.0000
125 3 3 3 3 1 2 6 8 43.32476 31.31804 3 3 1 3 -0.1091 -3.7289 8.0000 3.6246 -0.8824 8.0000
140 1 2 3 3 2 2 7 4 7.524567 10.57222 3 4 1 2 0.0917 -0.6939 8.0000 -1.7681 1.2119 8.0000
128 1 1 1 3 2 2 1 4 9.277686 37.3759 2 2 1 3 0.1727 0.0282 2.0000 -0.6937 0.0929 8.0000
44 3 3 3 3 1 1 6 5 11.81746 12.62592 4 1 2 3 -2.0417 -3.1221 8.0000 -3.6403 -0.8154 8.0000
69 1 3 3 1 1 2 5 5 5.972512 25.77869 1 2 4 1 -0.6961 -0.0728 8.0000 -0.8398 -0.4056 2.0000
113 3 2 2 3 1 2 1 5 16.77447 26.80002 3 2 3 1 2.2323 0.6729 5.0000 -1.9133 -0.9665 8.0000
134 1 2 1 3 2 2 4 4 10.03044 19.96544 4 3 3 3 -0.1434 0.1003 2.0000 -1.9422 0.9071 8.0000
147 1 3 3 1 2 2 8 8 39.03112 37.84918 3 4 3 2 0.6961 -0.0728 8.0000 0.9254 -0.1161 2.0000
50 1 1 2 3 1 2 7 4 38.78796 14.83836 1 1 1 3 0.2740 -0.3410 5.0000 -0.6051 0.3517 8.0000
154 2 2 2 3 2 2 5 7 24.32272 9.99655 1 4 3 3 -1.2208 -0.5518 5.0000 0.3721 -2.1111 8.0000
74 2 1 1 3 1 2 2 2 25.392 13.20456 1 1 3 2 0.1798 0.5048 2.0000 0.3688 0.5949 8.0000
56 1 2 1 3 1 2 3 2 34.92171 6.095143 1 2 3 4 -0.1002 0.1435 2.0000 1.3462 1.6681 8.0000
14 1 2 3 3 1 1 4 2 40.31772 41.75034 1 2 1 4 -0.6976 0.0571 8.0000 0.1215 2.1401 8.0000
136 1 2 2 2 2 2 3 3 3.470741 10.55954 1 1 2 1 -0.0265 0.4366 5.0000 -0.2455 1.3171 5.0000
59 1 2 2 3 1 2 5 3 38.9744 8.543828 2 3 1 1 -0.3401 -0.2751 5.0000 -0.3185 2.1198 8.0000
11 1 2 2 3 1 1 7 5 27.24875 15.65137 4 3 3 2 0.2003 -0.3889 5.0000 -2.0641 -0.5783 8.0000
93 2 3 2 1 1 2 5 8 10.97643 41.58744 2 4 2 1 -1.3152 -0.2551 5.0000 0.9310 -0.0555 2.0000
132 1 2 1 1 2 2 2 2 23.00285 21.33884 3 1 3 4 0.0655 0.1622 2.0000 0.2151 0.4908 2.0000
120 3 3 2 1 1 2 7 1 9.377207 35.53846 2 4 1 2 0.3799 -2.3004 5.0000 0.7589 0.5421 2.0000
3 1 1 2 2 1 1 5 1 36.13439 41.00786 2 2 4 2 -0.3533 -0.2580 5.0000 0.3301 0.2870 5.0000
72 2 1 1 1 1 2 5 7 33.04986 1.829111 4 3 4 1 -0.4492 -0.2923 2.0000 0.0056 -0.1749 2.0000
46 1 1 1 2 1 2 1 3 12.66546 15.33924 1 3 4 4 0.1707 0.0384 2.0000 -0.1157 0.4219 5.0000
38 2 3 3 3 1 1 4 2 28.71134 31.44022 2 3 1 2 -2.0576 0.6012 8.0000 0.8746 3.6265 8.0000
98 2 3 3 3 1 2 2 2 20.88875 28.70607 3 3 4 4 0.8757 1.9566 8.0000 1.0466 3.5806 8.0000
164 2 3 3 3 2 2 6 4 17.40364 6.99805 1 4 2 1 -0.9930 -1.8997 8.0000 -2.9396 2.2968 8.0000
129 1 1 2 2 2 2 8 4 26.37616 39.75074 3 3 3 3 0.4145 -0.1397 5.0000 -0.4356 0.0400 5.0000
106 3 1 3 2 1 2 5 3 21.99156 22.9575 1 2 1 4 -3.4590 -1.3969 8.0000 -0.1706 0.4028 5.0000
156 2 3 1 1 2 2 2 6 19.17823 32.32892 4 1 2 2 0.2334 0.4824 2.0000 -0.2046 -0.9099 2.0000
48 1 1 2 1 1 2 5 8 33.18966 25.07541 2 3 3 4 -0.3661 -0.2395 5.0000 0.1645 -0.0596 2.0000
118 3 3 1 2 1 2 3 8 19.97058 43.30939 3 1 3 1 -0.3185 0.8765 2.0000 2.3305 -0.0688 5.0000
105 3 1 3 1 1 2 6 7 7.882664 26.27323 4 3 2 3 -2.2511 -2.9747 8.0000 0.0775 -0.1569 2.0000
31 2 3 1 2 1 1 3 6 17.31589 38.45133 1 1 3 3 -0.1595 0.5116 2.0000 -0.2659 -2.3163 5.0000
47 1 1 1 3 1 2 7 5 21.44898 17.84746 4 1 3 1 0.0640 -0.1629 2.0000 -0.6662 -0.2145 8.0000
88 2 2 3 2 1 2 2 4 4.017777 23.20299 4 3 2 3 1.4058 1.6182 8.0000 -1.2440 0.4975 5.0000
8 1 2 1 3 1 1 6 8 34.68462 26.27415 2 1 1 1 -0.0313 -0.1721 2.0000 2.0301 -0.6882 8.0000
141 1 3 1 1 2 2 6 7 13.93746 23.27825 3 2 3 4 -0.0903 -0.1499 2.0000 0.3686 -0.8567 2.0000
80 2 1 3 3 1 2 6 6 0.7811075 28.47092 3 4 2 4 -1.4949 -1.5363 8.0000 -0.1991 -0.6710 8.0000
2 1 1 1 3 1 1 2 4 31.75661 5.367031 3 1 3 1 0.0401 0.1703 2.0000 -0.5390 0.4464 8.0000
170 3 3 3 3 2 2 5 6 35.52503 33.38877 2 2 3 2 -3.0361 -2.1676 8.0000 -0.7508 -3.6541 8.0000
95 2 3 2 3 1 2 5 6 44.22486 23.40316 3 1 3 1 -0.9601 -0.9344 5.0000 -1.3731 -3.4686 8.0000
81 2 2 1 1 1 2 3 4 26.27889 27.82972 2 3 1 4 -0.2373 0.4805 2.0000 -0.5120 0.1582 2.0000
12 1 2 3 1 1 1 5 4 21.22828 12.42397 2 2 2 1 -0.6524 -0.2534 8.0000 -0.4516 0.2885 2.0000
58 1 2 2 2 1 2 5 8 6.877989 29.17433 2 2 3 4 -0.4343 -0.0524 5.0000 1.2890 -0.3654 5.0000
100 3 1 1 2 1 2 7 1 14.45583 11.43739 2 3 4 4 0.2328 -0.9031 2.0000 0.4288 0.0867 5.0000
41 3 3 1 3 1 1 5 7 13.80687 13.02686 4 4 2 1 -0.9057 -0.2226 2.0000 0.8409 -3.6345 8.0000
99 3 1 1 1 1 2 7 7 34.70557 28.34868 1 2 1 3 0.5310 -0.7667 2.0000 0.0831 -0.1540 2.0000
130 1 1 2 3 2 2 3 6 27.81876 12.84985 1 1 4 4 -0.2041 0.3869 5.0000 -0.3724 -0.5926 8.0000
24 2 2 1 1 1 1 6 3 18.28544 23.42979 1 4 4 4 -0.2409 -0.4787 2.0000 -0.2131 0.4917 2.0000
131 1 1 3 3 2 2 4 8 13.97078 17.10206 4 4 1 4 -0.5998 0.3608 8.0000 0.6186 -0.3275 8.0000
111 3 2 2 1 1 2 5 1 25.98395 7.886279 2 2 3 2 -2.0959 -1.0215 5.0000 0.5308 0.0735 2.0000
89 2 2 3 3 1 2 3 6 26.9341 33.30884 1 1 4 2 -0.9710 1.9111 8.0000 -0.4344 -2.0991 8.0000
139 1 2 3 2 2 2 2 7 16.56708 29.57692 3 4 3 4 0.3332 0.6155 8.0000 0.6613 -1.1652 5.0000
35 2 3 2 3 1 1 6 2 24.24216 40.41846 4 3 3 3 -0.4748 -1.2528 5.0000 0.2980 3.7185 8.0000
148 1 3 3 2 2 2 8 8 10.15156 15.54749 2 3 2 2 0.5744 -0.3999 8.0000 2.0302 -1.1464 5.0000
143 1 3 1 3 2 2 3 1 25.835 44.42411 2 3 2 2 -0.0763 0.1575 2.0000 2.6642 2.6112 8.0000
142 1 3 1 2 2 2 4 6 18.47951 29.03213 1 2 4 2 -0.1566 0.0781 2.0000 -0.6414 -2.2416 5.0000
86 2 2 2 3 1 2 8 3 2.037621 4.545942 4 1 2 3 0.9804 -0.9131 5.0000 -0.1699 2.1369 8.0000
107 3 1 3 3 1 2 3 3 24.18353 29.66818 1 1 1 2 -1.5282 3.4031 8.0000 -0.3464 0.6082 8.0000
4 1 1 2 3 1 1 1 4 27.19634 25.05363 4 4 3 1 0.3891 0.1999 5.0000 -0.6579 0.2388 8.0000
0 1 1 1 1 1 1 8 3 18.06539 15.15927 1 3 1 3 0.1560 -0.0793 2.0000 -0.0458 0.1689 2.0000
37 2 3 3 2 1 1 2 1 5.261335 20.32341 2 2 3 2 1.3704 1.6484 8.0000 2.1864 0.8098 5.0000
159 2 3 2 1 2 2 3 2 5.195546 44.66392 2 3 4 3 -0.1213 1.3342 5.0000 0.0055 0.9326 2.0000
124 3 3 3 2 1 2 8 6 26.40755 38.37741 1 1 1 4 3.5358 -1.1894 8.0000 -0.2689 -2.3160 5.0000
62 1 2 3 3 1 2 8 6 14.31741 38.21074 4 1 1 4 0.6019 -0.3572 8.0000 -0.2534 -2.1286 8.0000
25 2 2 1 2 1 1 6 3 18.76695 6.305289 1 2 4 2 -0.2369 -0.4807 2.0000 -0.1471 1.3316 5.0000
84 2 2 2 1 1 2 7 4 3.339865 21.04151 1 4 1 1 0.0781 -1.3375 5.0000 -0.4897 0.2176 2.0000
126 1 1 1 1 2 2 7 5 41.71779 23.14241 1 3 2 3 0.1164 -0.1306 2.0000 -0.1609 -0.0688 2.0000
55 1 2 1 2 1 2 4 4 21.29443 4.241533 1 4 3 4 -0.1602 0.0703 2.0000 -1.0148 0.8747 5.0000
161 2 3 2 3 2 2 5 5 22.50456 35.85201 4 2 3 1 -1.2377 -0.5128 5.0000 -3.0237 -2.1849 8.0000
5 1 1 3 3 1 1 8 5 1.97976 12.35734 1 1 1 4 0.5117 -0.4775 8.0000 -0.6837 -0.1498 8.0000
160 2 3 2 2 2 2 4 3 2.806385 17.79792 2 4 3 4 -0.9926 0.8998 5.0000 -0.7127 2.2200 5.0000
150 2 2 1 1 2 2 8 7 36.09555 31.41082 4 2 1 2 0.5294 -0.0830 2.0000 0.2793 -0.4574 2.0000
149 1 3 3 3 2 2 2 4 38.57774 24.1674 2 1 2 1 0.0783 0.6955 8.0000 -3.4866 1.3267 8.0000
13 1 2 3 2 1 1 2 5 30.67797 27.5869 1 3 4 1 0.1731 0.6782 8.0000 -1.1874 -0.6204 5.0000
85 2 2 2 2 1 2 5 7 30.22159 28.41068 4 3 3 3 -1.1577 -0.6744 5.0000 0.6374 -1.1784 5.0000
166 3 3 1 2 2 2 8 4 40.14952 27.90014 3 1 4 3 0.9293 -0.0789 2.0000 -2.2285 0.6856 5.0000
39 3 3 1 1 1 1 8 7 40.23453 35.0574 4 4 4 2 0.9294 -0.0775 2.0000 0.5357 -0.7634 2.0000
71 1 3 3 3 1 2 7 5 38.64301 43.96024 3 1 2 1 0.4371 -0.5467 8.0000 -2.6853 -2.5895 8.0000
16 1 3 1 2 1 1 4 3 16.62297 38.52495 1 2 1 2 -0.1540 0.0832 2.0000 -1.4522 1.8240 5.0000
32 2 3 1 3 1 1 2 4 34.84827 1.476803 1 2 1 4 0.0945 0.5275 2.0000 -2.7049 2.5690 8.0000
108 3 2 1 1 1 2 8 6 36.66271 24.15093 3 4 2 1 0.9228 -0.1352 2.0000 -0.1907 -0.5008 2.0000
144 1 3 2 1 2 2 8 3 21.46097 21.30912 4 2 3 3 0.4010 -0.1747 5.0000 -0.3389 0.8689 2.0000
87 2 2 3 1 1 2 1 7 18.37807 9.944333 4 3 4 4 2.0343 0.6758 8.0000 0.0925 -0.5278 2.0000
92 2 3 1 3 1 2 4 1 43.57973 11.52867 4 2 2 2 -0.5357 0.0133 2.0000 3.6552 0.7456 8.0000
18 1 3 2 1 1 1 4 2 24.7752 20.66515 1 2 1 3 -0.4105 0.1512 5.0000 0.3843 0.8498 2.0000
101 3 1 1 3 1 2 4 7 26.98447 43.88956 1 3 3 3 -0.8869 0.2884 2.0000 0.4852 -0.5044 8.0000
33 2 3 2 1 1 1 7 7 29.07009 23.77994 3 3 4 2 0.6510 -1.1710 5.0000 0.3761 -0.8534 2.0000
22 1 3 3 2 1 1 1 7 7.99699 33.77493 3 3 3 3 0.6931 0.0974 8.0000 1.2962 -1.9380 5.0000
146 1 3 2 3 2 2 3 3 23.04401 14.27961 2 2 1 1 -0.1712 0.4025 5.0000 -0.9201 3.6152 8.0000
19 1 3 2 2 1 1 3 2 31.23382 1.871501 4 2 3 2 -0.2268 0.3740 5.0000 1.5939 1.7016 5.0000
152 2 2 1 3 2 2 7 6 27.82785 22.73384 3 4 3 3 0.2502 -0.4739 2.0000 -0.8122 -1.9838 8.0000
49 1 1 2 2 1 2 4 2 15.47404 14.39611 2 2 4 2 -0.3806 0.2156 5.0000 0.2227 0.3765 5.0000
51 1 1 3 1 1 2 4 2 0.5221778 0.2297419 2 4 2 2 -0.4994 0.4904 8.0000 0.1232 0.1242 2.0000
7 1 2 1 2 1 1 4 3 25.68999 21.67982 3 3 3 2 -0.1651 0.0579 2.0000 -0.4949 1.2450 5.0000
127 1 1 1 2 2 2 6 1 13.37367 21.67007 1 4 1 1 -0.0918 -0.1490 2.0000 0.4065 0.1615 5.0000
135 1 2 2 1 2 2 1 8 38.64523 6.304505 4 3 4 2 0.3417 0.2732 5.0000 0.4183 -0.3350 2.0000
163 2 3 3 2 2 2 3 7 37.62156 10.6042 2 2 3 2 -1.3085 1.6979 8.0000 0.4291 -2.2917 5.0000
103 3 1 2 2 1 2 5 6 15.11158 8.994278 3 3 3 3 -2.2509 -0.6078 5.0000 -0.2572 -0.3539 5.0000
116 3 2 3 3 1 2 7 7 37.29827 15.28598 1 3 2 1 2.2605 -2.9676 8.0000 0.5651 -2.0678 8.0000
10 1 2 2 2 1 1 3 3 18.52247 35.81843 3 3 4 4 -0.1390 0.4148 5.0000 -0.7840 1.0864 5.0000
121 3 3 2 2 1 2 5 4 30.16672 5.065942 2 3 4 3 -2.0158 -1.1716 5.0000 -1.7878 1.4966 5.0000
145 1 3 2 2 2 2 7 7 43.77036 27.39775 3 3 4 4 0.3026 -0.3159 5.0000 1.0729 -2.0700 5.0000
63 1 3 1 1 1 2 6 7 32.03312 13.30311 3 4 2 2 -0.0393 -0.1705 2.0000 0.2146 -0.9076 2.0000
53 1 1 3 3 1 2 3 6 25.50999 41.12708 1 2 2 3 -0.3014 0.6317 8.0000 -0.0473 -0.6983 8.0000
6 1 2 1 1 1 1 3 1 2.112921 42.19767 2 1 1 3 -0.0065 0.1749 2.0000 0.3970 0.3600 2.0000
20 1 3 2 3 1 1 3 5 39.73805 19.67179 4 4 4 2 -0.2796 0.3364 5.0000 -3.5127 -1.2558 8.0000
169 3 3 2 3 2 2 6 4 34.64847 16.38227 4 4 3 2 -0.4189 -2.2936 5.0000 -3.2747 1.7868 8.0000
36 2 3 3 1 1 1 2 3 29.61607 9.203829 1 2 3 1 0.5687 2.0668 8.0000 -0.1492 0.9206 2.0000
42 3 3 2 2 1 1 3 4 13.97933 40.29432 3 1 4 3 -0.5632 2.2625 5.0000 -2.3237 0.1913 5.0000
162 2 3 3 1 2 2 6 8 26.45942 42.70858 3 3 2 1 -0.6816 -2.0323 8.0000 0.9319 -0.0373 2.0000
17 1 3 1 3 1 1 4 1 7.335139 23.19768 2 4 1 2 -0.1385 0.1069 2.0000 3.4289 1.4694 8.0000
45 1 1 1 1 1 2 6 3 42.38727 18.35959 4 1 2 3 -0.0080 -0.1748 2.0000 -0.0551 0.1661 2.0000
26 2 2 1 3 1 1 1 3 6.67244 10.36826 1 1 4 2 0.5323 0.0623 2.0000 -0.3858 2.1086 8.0000
155 2 2 3 3 2 2 4 5 20.21529 39.56956 2 1 2 4 -1.9461 0.8986 8.0000 -1.6524 -1.3655 8.0000
157 2 3 1 2 2 2 1 3 43.51044 36.28906 4 4 2 4 0.3887 0.3690 2.0000 -1.3799 1.8793 5.0000
110 3 2 1 3 1 2 2 5 16.88919 44.77225 2 3 1 2 0.4394 0.8226 2.0000 -1.5218 -1.5097 8.0000
67 1 3 2 2 1 2 5 4 14.48707 6.59788 1 4 1 2 -0.4235 -0.1094 5.0000 -1.8272 1.4483 5.0000
40 3 3 1 2 1 1 8 8 6.644835 31.78784 2 4 1 1 0.7313 -0.5787 2.0000 2.2698 -0.5329 5.0000
78 2 1 3 1 1 2 4 3 2.957001 0.3905028 4 1 4 3 -1.5919 1.4355 8.0000 -0.0012 0.1750 2.0000
109 3 2 1 2 1 2 4 2 2.270812 38.13841 1 1 4 2 -0.6851 0.6328 2.0000 0.1601 1.3302 5.0000
122 3 3 2 3 1 2 1 2 6.973416 9.719563 3 2 4 3 2.3143 0.2831 5.0000 2.1546 3.0453 8.0000
60 1 2 3 1 1 2 3 4 13.59138 7.06466 4 3 4 2 -0.1645 0.6803 8.0000 -0.4227 0.3295 2.0000
29 2 2 3 3 1 1 8 1 39.28566 16.99638 1 4 3 1 2.1329 -0.2134 8.0000 2.0500 0.6266 8.0000
123 3 3 3 1 1 2 2 3 41.14645 14.01767 2 3 3 3 0.2507 3.7220 8.0000 -0.2259 0.9048 2.0000
165 3 3 1 1 2 2 1 4 30.85981 8.342894 2 2 1 2 0.8006 0.4784 2.0000 -0.7482 0.5568 2.0000
119 3 3 1 3 1 2 5 6 33.94601 20.52326 2 2 1 2 -0.7737 -0.5208 2.0000 -1.5456 -3.3952 8.0000
90 2 3 1 1 1 2 5 1 39.64491 3.387196 4 1 4 3 -0.4126 -0.3419 2.0000 0.9310 0.0551 2.0000
30 2 3 1 1 1 1 7 8 11.92974 36.05726 4 3 4 3 0.1108 -0.5243 2.0000 0.9213 -0.1450 2.0000
77 2 1 2 3 1 2 8 2 24.74381 1.470392 4 4 2 4 1.2569 -0.4638 5.0000 0.4820 0.5074 8.0000
102 3 1 2 1 1 2 6 4 0.4972011 5.487993 2 1 2 3 -1.6343 -1.6629 5.0000 -0.1350 0.1113 2.0000
54 1 2 1 1 1 2 3 4 22.5459 28.88511 3 3 1 2 -0.0671 0.1616 2.0000 -0.5148 0.1487 2.0000
94 2 3 2 2 1 2 6 1 11.67791 11.38538 2 3 2 1 -0.7360 -1.1195 5.0000 2.2857 0.4603 5.0000
79 2 1 3 2 1 2 6 8 3.022554 25.24131 2 2 3 4 -1.4337 -1.5936 8.0000 0.4117 -0.1479 5.0000
15 1 3 1 1 1 1 2 4 43.81325 3.370416 3 3 3 3 0.0036 0.1749 2.0000 -0.6971 0.6195 2.0000
168 3 3 2 2 2 2 7 3 23.00918 32.96684 1 1 1 3 0.9113 -2.1460 5.0000 -1.2687 1.9561 5.0000
68 1 3 2 3 1 2 4 1 3.255901 35.36521 2 2 1 4 -0.3264 0.2913 5.0000 3.0421 2.1591 8.0000
66 1 3 2 1 1 2 7 8 24.09952 21.79669 3 3 4 1 0.1786 -0.3993 5.0000 0.8572 -0.3674 2.0000
117 3 3 1 1 1 2 8 8 15.1092 36.63181 1 4 2 2 0.8086 -0.4648 2.0000 0.9227 -0.1357 2.0000
61 1 2 3 2 1 2 2 8 27.14144 20.38246 3 3 4 3 0.2146 0.6662 8.0000 1.2180 -0.5581 5.0000
70 1 3 3 2 1 2 6 3 37.1834 0.8226281 3 4 4 2 -0.0952 -0.6934 8.0000 -0.0335 2.3313 5.0000
73 2 1 1 2 1 2 4 8 17.55034 43.55219 4 4 3 2 -0.4756 0.2470 2.0000 0.4373 -0.0111 5.0000
27 2 2 2 2 1 1 7 6 19.21421 28.60707 4 3 1 1 0.4409 -1.2651 5.0000 -0.3781 -1.2853 5.0000
21 1 3 3 1 1 1 2 3 26.20575 44.74071 1 1 3 1 0.2255 0.6626 8.0000 -0.6565 0.6624 2.0000
75 2 1 2 1 1 2 7 5 8.180674 33.84172 2 1 4 3 0.1906 -1.3261 5.0000 -0.1453 -0.0974 2.0000
114 3 2 3 1 1 2 2 4 13.85206 33.23483 1 1 3 3 1.9296 3.1927 8.0000 -0.5246 0.1093 2.0000
65 1 3 1 3 1 2 3 4 33.9442 28.69408 3 1 1 4 -0.0977 0.1452 2.0000 -3.5804 1.0474 8.0000
