122 3 3 2 3 1 2 2 5 20.60069 6.108742 4 4 3 3 0.9631 2.1233 5.0000 -3.7093 -0.3970 8.0000
8 1 2 1 3 1 1 7 7 3.093193 16.94291 1 3 2 4 0.0094 -0.1747 2.0000 0.6247 -2.0506 8.0000
54 1 2 1 1 1 2 7 4 8.551992 21.81596 4 2 4 1 0.0260 -0.1730 2.0000 -0.4926 0.2110 2.0000
43 3 3 2 3 1 1 4 1 42.7709 4.717829 3 3 1 1 -2.3298 0.0907 5.0000 3.7178 0.3068 8.0000
51 1 1 3 1 1 2 1 7 26.64038 30.46905 1 1 4 4 0.6256 0.3138 8.0000 0.0887 -0.1508 2.0000
158 2 3 1 3 2 2 4 5 1.201174 4.959083 4 3 2 3 -0.3868 0.3709 2.0000 -3.7165 -0.3225 8.0000
6 1 2 1 1 1 1 5 4 20.6924 3.579054 2 4 3 1 -0.1637 -0.0618 2.0000 -0.4019 0.3545 2.0000
162 2 3 3 1 2 2 2 7 1.0941 42.40018 4 4 2 1 1.4865 1.5444 8.0000 0.6289 -0.6887 2.0000
152 2 2 1 3 2 2 6 1 32.18701 11.65629 4 2 3 4 -0.1188 -0.5226 2.0000 2.0994 0.4331 8.0000
1 1 1 1 2 1 1 5 2 31.71974 39.49263 1 3 2 4 -0.1488 -0.0920 2.0000 0.0420 0.4354 5.0000
37 2 3 3 2 1 1 4 4 44.99447 27.08245 1 3 4 1 -2.1436 0.0002 8.0000 -2.2185 0.7173 5.0000
151 2 2 1 2 2 2 5 4 32.2831 42.39191 3 4 1 4 -0.4531 -0.2862 2.0000 -1.3384 0.0610 5.0000
131 1 1 3 3 2 2 1 5 16.65349 38.33522 3 3 2 2 0.6706 0.2006 8.0000 -0.5490 -0.4341 8.0000
31 2 3 1 2 1 1 3 3 9.631973 20.3605 1 3 1 3 -0.0897 0.5283 2.0000 -0.8112 2.1859 5.0000
160 2 3 2 2 2 2 7 4 28.97066 25.53548 1 3 4 3 0.6489 -1.1721 5.0000 -2.1983 0.7769 5.0000
92 2 3 1 3 1 2 8 5 41.54153 40.02174 3 3 1 3 0.5349 -0.0323 2.0000 -2.8568 -2.3990 8.0000
109 3 2 1 2 1 2 2 6 13.42585 26.06556 1 4 4 3 0.4883 0.7946 2.0000 -0.4347 -1.2673 5.0000
98 2 3 3 3 1 2 5 3 13.5779 37.48603 4 2 2 4 -2.0837 -0.5032 8.0000 -2.2702 2.9601 8.0000
120 3 3 2 1 1 2 3 7 41.18223 0.8345693 4 4 4 2 -1.5352 1.7548 5.0000 0.0136 -0.9325 2.0000
56 1 2 1 3 1 2 6 6 24.41897 34.44332 4 1 1 4 -0.0615 -0.1638 2.0000 -0.3927 -2.1073 8.0000
167 3 3 1 3 2 2 5 5 3.703621 35.6291 4 4 3 2 -0.9307 -0.0602 2.0000 -3.0321 -2.1731 8.0000
53 1 1 3 3 1 2 2 8 18.22032 12.42524 1 3 3 1 0.3154 0.6248 8.0000 0.5898 -0.3768 8.0000
142 1 3 1 2 2 2 6 3 5.028257 35.84659 3 4 3 3 -0.1124 -0.1341 2.0000 -1.3654 1.8899 5.0000
103 3 1 2 2 1 2 5 4 3.358362 43.84826 4 2 4 3 -2.3275 -0.1366 5.0000 -0.4374 0.0088 5.0000
144 1 3 2 1 2 2 1 3 34.16928 40.27282 4 4 1 2 0.3619 0.2457 5.0000 -0.6029 0.7116 2.0000
164 2 3 3 3 2 2 2 2 3.369214 25.88983 1 3 3 2 1.4240 1.6022 8.0000 1.2213 3.5249 8.0000
29 2 2 3 3 1 1 7 3 38.45881 24.61642 1 1 4 4 1.3332 -1.6786 8.0000 -0.8929 1.9488 8.0000
84 2 2 2 1 1 2 6 4 32.79491 11.10852 1 1 3 2 -0.2832 -1.3095 5.0000 -0.4448 0.2988 2.0000
110 3 2 1 3 1 2 1 7 44.25115 29.93167 2 4 4 3 0.6680 0.6508 2.0000 1.0696 -1.8577 8.0000
119 3 3 1 3 1 2 3 7 16.88264 26.72215 2 3 3 2 -0.2708 0.8924 2.0000 1.6775 -3.3320 8.0000
62 1 2 3 3 1 2 3 3 40.50119 9.631287 3 2 4 1 -0.4546 0.5322 8.0000 -0.3586 2.1134 8.0000
138 1 2 3 1 2 2 2 4 1.371531 39.2173 2 3 1 1 0.4829 0.5066 8.0000 -0.5332 0.0540 2.0000
47 1 1 1 3 1 2 2 6 1.961666 1.901182 3 1 3 1 0.1194 0.1279 2.0000 -0.4782 -0.5111 8.0000
147 1 3 3 1 2 2 7 2 5.056238 4.661255 2 2 1 2 0.0617 -0.6972 8.0000 0.6037 0.7109 2.0000
7 1 2 1 2 1 1 1 1 7.689684 18.50577 4 4 4 2 0.1734 0.0234 2.0000 1.2705 0.4252 5.0000
41 3 3 1 3 1 1 4 6 38.70993 14.24326 3 4 3 1 -0.9270 0.1022 2.0000 -1.9077 -3.2058 8.0000
66 1 3 2 1 1 2 8 6 35.5056 38.51474 3 1 2 3 0.4315 -0.0722 5.0000 -0.1053 -0.9266 2.0000
106 3 1 3 2 1 2 4 8 38.65886 11.72112 1 3 3 2 -3.7076 0.4120 8.0000 0.3657 -0.2400 5.0000
65 1 3 1 3 1 2 2 8 25.39533 0.1105714 1 4 4 2 0.0587 0.1648 2.0000 2.6429 -2.6327 8.0000
10 1 2 2 2 1 1 6 4 10.34809 2.071202 2 2 1 3 -0.2487 -0.3599 5.0000 -0.9810 0.9125 5.0000
86 2 2 2 3 1 2 2 7 29.84395 34.34594 1 3 4 1 0.3503 1.2931 5.0000 1.2094 -1.7699 8.0000
2 1 1 1 3 1 1 3 6 30.89654 33.29915 3 3 4 4 -0.0898 0.1501 2.0000 -0.1419 -0.6854 8.0000
60 1 2 3 1 1 2 8 7 42.51425 38.88229 3 1 1 4 0.6993 -0.0304 8.0000 0.3364 -0.4172 2.0000
114 3 2 3 1 1 2 3 3 6.092804 10.1523 3 3 2 4 -0.3959 3.7094 8.0000 -0.0945 0.5275 2.0000
85 2 2 2 2 1 2 1 7 6.358209 26.93236 3 1 1 2 1.3315 0.1484 5.0000 0.6068 -1.1944 5.0000
38 2 3 3 3 1 1 7 7 39.12585 11.377 4 2 4 3 1.3527 -1.6629 8.0000 0.7359 -3.6572 8.0000
165 3 3 1 1 2 2 8 2 6.667886 41.97732 2 3 1 3 0.7316 -0.5784 2.0000 0.0492 0.9313 2.0000
90 2 3 1 1 1 2 3 5 34.94687 10.19006 3 2 2 4 -0.3070 0.4393 2.0000 -0.9179 -0.1650 2.0000
49 1 1 2 2 1 2 8 2 42.21809 36.5609 2 3 4 3 0.4369 -0.0212 5.0000 0.0642 0.4327 5.0000
145 1 3 2 2 2 2 8 1 2.202405 4.798284 3 2 2 4 0.3210 -0.2972 5.0000 2.3234 0.1950 5.0000
46 1 1 1 2 1 2 1 4 4.214265 34.72942 3 3 1 3 0.1745 0.0129 2.0000 -0.4304 0.0780 5.0000
129 1 1 2 2 2 2 2 7 18.48257 19.543 4 2 3 2 0.1953 0.3914 5.0000 0.1463 -0.4122 5.0000
108 3 2 1 1 1 2 2 4 13.06998 21.09137 1 3 4 2 0.4932 0.7915 2.0000 -0.4899 0.2172 2.0000
59 1 2 2 3 1 2 2 5 20.03333 18.48474 2 2 4 4 0.1846 0.3966 5.0000 -2.0330 -0.6796 8.0000
48 1 1 2 1 1 2 4 7 20.25543 4.003342 4 3 2 3 -0.3973 0.1831 5.0000 0.0122 -0.1746 2.0000
112 3 2 2 2 1 2 8 8 6.628441 3.954359 4 3 2 4 1.8279 -1.4473 5.0000 1.0104 -0.8798 5.0000
83 2 2 1 3 1 2 7 3 32.05745 17.72165 2 1 2 1 0.2844 -0.4542 2.0000 -0.6525 2.0419 8.0000
24 2 2 1 1 1 1 7 6 37.31821 22.18789 2 4 1 1 0.3249 -0.4262 2.0000 -0.2078 -0.4940 2.0000
39 3 3 1 1 1 1 3 8 40.87025 3.952171 1 2 3 4 -0.6103 0.7052 2.0000 0.7033 -0.6124 2.0000
95 2 3 2 3 1 2 1 3 33.16829 15.45475 2 4 3 3 1.1215 0.7330 5.0000 -0.9941 3.5956 8.0000
159 2 3 2 1 2 2 8 2 36.90554 8.905197 2 3 1 2 1.3264 -0.1886 5.0000 0.5494 0.7536 2.0000
127 1 1 1 2 2 2 2 6 5.952921 44.44523 4 3 3 3 0.1102 0.1359 2.0000 -0.0042 -0.4374 5.0000
102 3 1 2 1 1 2 6 1 9.010941 18.71627 1 3 3 3 -1.3701 -1.8865 5.0000 0.1657 0.0561 2.0000
32 2 3 1 3 1 1 4 4 6.183559 35.95009 2 3 2 3 -0.4175 0.3359 2.0000 -3.6840 0.5868 8.0000
133 1 2 1 2 2 2 7 4 32.51614 16.8781 2 3 3 4 0.0941 -0.1475 2.0000 -1.1816 0.6315 5.0000
52 1 1 3 2 1 2 4 6 18.66301 23.05578 1 3 4 1 -0.6273 0.3105 8.0000 -0.1635 -0.4057 5.0000
146 1 3 2 3 2 2 1 1 3.578324 25.46797 3 1 1 1 0.4366 0.0273 5.0000 3.3680 1.6041 8.0000
34 2 3 2 2 1 1 5 6 27.53668 33.27026 1 4 1 2 -1.1880 -0.6194 5.0000 -0.4740 -2.2829 5.0000
40 3 3 1 2 1 1 2 5 39.86327 35.5056 4 2 2 3 0.0835 0.9289 2.0000 -1.8980 -1.3541 5.0000
42 3 3 2 2 1 1 6 3 32.20596 2.709272 4 3 2 4 -0.5163 -2.2737 5.0000 -0.1102 2.3289 5.0000
97 2 3 3 2 1 2 6 6 44.44987 8.843087 1 2 2 3 -0.0206 -2.1435 8.0000 -1.3756 -1.8825 5.0000
79 2 1 3 2 1 2 8 3 31.5455 0.2229452 1 1 4 1 2.0848 -0.4988 8.0000 -0.0017 0.4374 5.0000
23 1 3 3 3 1 1 3 8 6.580076 35.49989 3 4 2 2 -0.0802 0.6953 8.0000 3.6793 -0.6157 8.0000
88 2 2 3 2 1 2 8 1 19.63764 40.72989 3 2 2 1 1.9370 -0.9182 8.0000 1.0153 0.8742 5.0000
14 1 2 3 3 1 1 1 6 26.11354 41.89189 1 4 3 4 0.6285 0.3081 8.0000 -0.1162 -2.1404 8.0000
5 1 1 3 3 1 1 3 1 36.68359 4.884265 4 4 1 1 -0.4181 0.5613 8.0000 0.6974 0.0596 8.0000
82 2 2 1 2 1 2 3 1 41.18926 44.9409 2 3 1 3 -0.3529 0.4033 2.0000 0.9483 0.9464 5.0000
100 3 1 1 2 1 2 8 5 10.68885 41.84453 4 3 2 1 0.7703 -0.5257 2.0000 -0.3259 -0.2918 5.0000
17 1 3 1 3 1 1 4 1 14.93088 18.62427 4 1 4 4 -0.1514 0.0877 2.0000 3.5351 1.1914 8.0000
139 1 2 3 2 2 2 7 1 37.602 20.42287 4 1 2 3 0.4271 -0.5545 8.0000 1.2555 0.4675 5.0000
170 3 3 3 3 2 2 2 8 27.71578 29.49389 1 2 2 3 1.1084 3.5620 8.0000 3.5947 -0.9973 8.0000
141 1 3 1 1 2 2 6 4 31.41361 35.76748 4 3 3 1 -0.0411 -0.1701 2.0000 -0.9205 0.1496 2.0000
116 3 2 3 3 1 2 7 5 15.20692 27.98264 2 2 3 1 0.9785 -3.5998 8.0000 -1.8930 -1.0058 8.0000
11 1 2 2 3 1 1 1 1 43.13058 28.34549 2 1 1 1 0.3192 0.2991 5.0000 1.8866 1.0178 8.0000
143 1 3 1 3 2 2 6 6 29.91954 4.182304 3 3 4 3 -0.0455 -0.1690 2.0000 -2.4384 -2.8232 8.0000
134 1 2 1 3 2 2 6 2 36.68375 22.72427 3 3 1 1 -0.0253 -0.1731 2.0000 0.8126 1.9836 8.0000
28 2 2 2 3 1 1 1 7 28.65512 36.40037 4 4 2 1 1.1757 0.6425 5.0000 1.2721 -1.7254 8.0000
91 2 3 1 2 1 2 4 2 22.73141 38.32124 2 2 2 4 -0.4959 0.2031 2.0000 0.2712 2.3157 5.0000
15 1 3 1 1 1 1 8 2 1.956924 17.30129 4 1 2 2 0.1279 -0.1194 2.0000 0.4335 0.8257 2.0000
124 3 3 3 2 1 2 3 5 26.08204 38.11681 2 1 3 2 -1.6401 3.3506 8.0000 -1.8343 -1.4392 5.0000
155 2 2 3 3 2 2 1 2 35.18725 41.66817 2 4 3 4 1.7519 1.2352 8.0000 0.1246 2.1400 8.0000
61 1 2 3 2 1 2 8 4 9.289418 29.69916 4 4 3 3 0.5683 -0.4085 8.0000 -1.2923 0.3535 5.0000
99 3 1 1 1 1 2 1 8 9.925847 24.4013 2 2 1 2 0.9187 0.1608 2.0000 0.1638 -0.0616 2.0000
161 2 3 2 3 2 2 1 2 13.04556 18.37002 3 4 1 3 1.3052 0.3024 5.0000 1.6721 3.3347 8.0000
140 1 2 3 3 2 2 8 4 3.993552 43.40006 1 4 3 3 0.5282 -0.4592 8.0000 -2.1428 0.0599 8.0000
9 1 2 2 1 1 1 6 4 9.864714 6.390663 1 2 1 1 -0.2518 -0.3577 5.0000 -0.4188 0.3344 2.0000
19 1 3 2 2 1 1 7 4 40.78078 17.30083 4 3 2 3 0.2857 -0.3312 5.0000 -2.0643 1.0838 5.0000
163 2 3 3 2 2 2 8 2 13.54486 6.940886 2 4 1 1 1.8286 -1.1186 8.0000 1.4373 1.8358 5.0000
25 2 2 1 2 1 1 7 6 10.05922 33.73677 3 3 2 2 0.0936 -0.5277 2.0000 -0.2617 -1.3139 5.0000
50 1 1 2 3 1 2 3 8 12.72828 15.42186 4 4 3 2 -0.0964 0.4267 5.0000 0.6087 -0.3455 8.0000
128 1 1 1 3 2 2 1 5 37.64972 32.98179 2 2 3 1 0.1385 0.1069 2.0000 -0.5871 -0.3810 8.0000
72 2 1 1 1 1 2 4 1 23.13675 15.62468 4 4 4 4 -0.4974 0.1996 2.0000 0.1685 0.0471 2.0000
113 3 2 2 3 1 2 8 1 16.29286 19.42007 1 4 4 4 2.0450 -1.1199 5.0000 2.0216 0.7127 8.0000
111 3 2 2 1 1 2 1 7 15.61233 22.62187 3 1 3 4 2.2455 0.6275 5.0000 0.2061 -0.4947 2.0000
71 1 3 3 3 1 2 2 4 11.64605 14.87438 4 4 3 2 0.3848 0.5846 8.0000 -3.2266 1.8723 8.0000
67 1 3 2 2 1 2 6 6 25.85938 33.20898 3 4 2 4 -0.1434 -0.4133 5.0000 -0.4764 -2.2823 5.0000
87 2 2 3 1 1 2 2 8 31.96125 23.73874 3 3 2 4 0.4836 2.0883 8.0000 0.4994 -0.1943 2.0000
126 1 1 1 1 2 2 2 4 18.80861 39.56088 2 3 3 1 0.0772 0.1570 2.0000 -0.1742 0.0166 2.0000
118 3 3 1 2 1 2 7 1 44.8946 21.67538 4 2 2 2 0.6582 -0.6607 2.0000 2.1667 0.8611 5.0000
73 2 1 1 2 1 2 6 1 9.969809 15.70011 2 3 4 2 -0.3076 -0.4388 2.0000 0.4211 0.1184 5.0000
136 1 2 2 2 2 2 1 5 18.85688 16.70427 3 4 3 4 0.4140 0.1414 5.0000 -1.2832 -0.3851 5.0000
169 3 3 2 3 2 2 1 5 22.84181 41.78876 4 4 3 3 2.1487 0.9051 5.0000 -2.7815 -2.4859 8.0000
57 1 2 2 1 1 2 1 5 30.24423 34.61208 1 2 3 4 0.3779 0.2203 5.0000 -0.4411 -0.3044 2.0000
157 2 3 1 2 2 2 7 8 21.44469 26.04034 3 1 1 4 0.1959 -0.4988 2.0000 2.2050 -0.7575 5.0000
132 1 2 1 1 2 2 4 3 28.79987 21.62352 2 2 2 1 -0.1680 0.0488 2.0000 -0.1975 0.4982 2.0000
58 1 2 2 2 1 2 3 2 32.03697 39.01892 1 1 1 2 -0.2320 0.3708 5.0000 0.1396 1.3325 5.0000
115 3 2 3 2 1 2 1 4 18.5426 24.63897 2 3 4 4 3.5368 1.1863 8.0000 -1.2560 0.4661 5.0000
148 1 3 3 2 2 2 7 2 41.77036 35.60267 3 3 4 4 0.4662 -0.5220 8.0000 0.3807 2.3002 5.0000
33 2 3 2 1 1 1 7 1 4.038436 42.91958 1 3 1 2 0.0944 -1.3364 5.0000 0.6830 0.6351 2.0000
0 1 1 1 1 1 1 4 2 24.18672 17.78393 1 2 2 2 -0.1636 0.0622 2.0000 0.0800 0.1556 2.0000
125 3 3 3 3 1 2 4 7 36.18877 18.59124 4 4 1 3 -3.6864 0.5714 8.0000 1.1893 -3.5358 8.0000
156 2 3 1 1 2 2 3 7 32.67272 7.468708 4 1 1 2 -0.2893 0.4511 2.0000 0.1212 -0.9247 2.0000
78 2 1 3 1 1 2 6 1 44.14629 37.61969 3 1 2 4 -0.0319 -2.1434 8.0000 0.1386 0.1068 2.0000
75 2 1 2 1 1 2 2 2 4.502216 3.565712 4 4 2 1 0.8701 1.0188 5.0000 0.1158 0.1312 2.0000
76 2 1 2 2 1 2 2 1 1.640648 23.1921 2 3 1 4 0.9198 0.9741 5.0000 0.4021 0.1723 5.0000
105 3 1 3 1 1 2 7 3 28.71915 33.24475 4 1 1 4 1.7925 -3.2716 8.0000 -0.0959 0.1463 2.0000
80 2 1 3 3 1 2 3 7 4.851537 28.3526 3 1 4 2 -0.1813 2.1359 8.0000 0.3324 -0.6159 8.0000
36 2 3 3 1 1 1 8 8 14.01444 4.410185 1 2 3 4 1.8377 -1.1036 8.0000 0.7082 -0.6068 2.0000
96 2 3 3 1 1 2 6 1 14.30951 21.9547 2 3 4 4 -1.0941 -1.8434 8.0000 0.8650 0.3487 2.0000
44 3 3 3 3 1 1 8 1 8.226062 3.68233 2 3 1 3 2.9881 -2.2333 8.0000 3.7228 0.2396 8.0000
135 1 2 2 1 2 2 5 2 12.07145 0.7173622 3 4 3 4 -0.4278 -0.0915 5.0000 0.3742 0.3837 2.0000
13 1 2 3 2 1 1 3 5 7.365276 13.19207 4 2 4 3 -0.0897 0.6941 8.0000 -1.3044 -0.3058 5.0000
35 2 3 2 3 1 1 4 5 34.10107 30.27382 2 4 2 3 -1.3156 0.2533 5.0000 -3.2217 -1.8806 8.0000
55 1 2 1 2 1 2 6 7 33.12225 22.20537 3 3 3 4 -0.0360 -0.1712 2.0000 0.5063 -1.2404 5.0000
27 2 2 2 2 1 1 5 1 13.47601 2.363579 4 3 4 1 -1.3029 -0.3122 5.0000 1.3386 0.0553 5.0000
101 3 1 1 3 1 2 5 4 32.57071 44.14876 1 2 2 4 -0.7859 -0.5021 2.0000 -0.6998 0.0104 8.0000
153 2 2 2 2 2 2 7 5 39.19818 7.279773 4 2 2 4 0.8467 -1.0383 5.0000 -1.3289 -0.1698 5.0000
3 1 1 2 2 1 1 5 7 33.35425 6.291915 2 3 2 3 -0.3654 -0.2405 5.0000 0.0479 -0.4348 5.0000
89 2 2 3 3 1 2 4 2 36.34525 4.790988 1 4 4 4 -2.1192 0.3226 8.0000 1.3839 1.6371 8.0000
16 1 3 1 2 1 1 2 6 32.09597 15.48616 1 3 2 4 0.0391 0.1706 2.0000 -1.1486 -2.0290 5.0000
45 1 1 1 1 1 2 4 7 2.584158 18.11199 2 2 1 4 -0.1292 0.1180 2.0000 0.0544 -0.1663 2.0000
107 3 1 3 3 1 2 1 4 1.441607 18.46247 4 1 4 1 3.7293 0.0939 8.0000 -0.6262 0.3127 8.0000
20 1 3 2 3 1 1 3 5 21.2875 25.89346 3 2 3 4 -0.1588 0.4076 5.0000 -3.3560 -1.6291 8.0000
94 2 3 2 2 1 2 8 2 22.15322 0.8797807 1 3 3 2 1.2346 -0.5202 5.0000 1.6231 1.6738 5.0000
64 1 3 1 2 1 2 4 5 31.33979 21.29683 2 1 4 1 -0.1700 0.0413 2.0000 -2.1723 -0.8468 5.0000
166 3 3 1 2 2 2 6 7 10.59007 19.25115 4 4 4 1 -0.5270 -0.7694 2.0000 0.7687 -2.2012 5.0000
168 3 3 2 2 2 2 6 5 39.35312 26.10426 3 4 4 2 -0.2294 -2.3202 5.0000 -2.0937 -1.0259 5.0000
154 2 2 2 3 2 2 2 6 19.23369 16.10595 1 2 2 2 0.5824 1.2065 5.0000 -1.0358 -1.8767 8.0000
74 2 1 1 3 1 2 7 7 11.48892 2.612708 1 3 1 2 0.1067 -0.5252 2.0000 0.0319 -0.6992 8.0000
30 2 3 1 1 1 1 6 1 24.13041 11.91836 1 2 3 4 -0.1909 -0.5007 2.0000 0.9125 0.1926 2.0000
93 2 3 2 1 1 2 1 1 15.28087 30.49969 1 3 2 3 1.2924 0.3531 5.0000 0.8036 0.4733 2.0000
68 1 3 2 3 1 2 6 1 4.94543 21.66864 4 1 2 4 -0.2815 -0.3348 5.0000 3.4668 1.3774 8.0000
123 3 3 3 1 1 2 2 4 35.08244 34.05452 3 3 3 4 0.6425 3.6747 8.0000 -0.9156 0.1771 2.0000
12 1 2 3 1 1 1 6 6 22.0519 16.54502 4 2 4 3 -0.2729 -0.6445 8.0000 -0.2553 -0.4712 2.0000
22 1 3 3 2 1 1 4 7 9.321615 36.36182 2 3 1 1 -0.5685 0.4082 8.0000 1.3823 -1.8776 5.0000
137 1 2 2 3 2 2 5 5 38.98121 8.683164 2 4 4 2 -0.3400 -0.2752 5.0000 -2.1190 -0.3236 8.0000
21 1 3 3 1 1 1 7 1 37.60778 23.98015 4 3 4 1 0.4271 -0.5545 8.0000 0.8521 0.3790 2.0000
18 1 3 2 1 1 1 1 3 39.49464 41.46349 1 2 4 1 0.3376 0.2782 5.0000 -0.6175 0.6989 2.0000
121 3 3 2 2 1 2 2 8 38.94104 1.599568 1 3 1 2 0.2461 2.3185 5.0000 1.6940 -1.6020 5.0000
4 1 1 2 3 1 1 6 4 2.789336 6.731749 1 3 2 3 -0.2939 -0.3240 5.0000 -0.5495 0.4335 8.0000
130 1 1 2 3 2 2 6 1 3.917865 7.93442 3 3 1 2 -0.2875 -0.3297 5.0000 0.6932 0.0966 8.0000
117 3 3 1 1 1 2 5 7 43.08881 6.590939 2 1 4 4 -0.6811 -0.6371 2.0000 0.1070 -0.9265 2.0000
77 2 1 2 3 1 2 4 3 5.197 0.8925158 2 1 1 4 -1.0293 0.8576 5.0000 -0.0109 0.6998 8.0000
70 1 3 3 2 1 2 6 5 23.06074 11.12356 3 1 2 2 -0.2615 -0.6492 8.0000 -2.2877 -0.4498 5.0000
150 2 2 1 1 2 2 1 3 24.55024 43.78579 2 3 1 3 0.4875 0.2227 2.0000 -0.3708 0.3869 2.0000
63 1 3 1 1 1 2 7 5 22.27526 18.62241 4 2 4 4 0.0663 -0.1619 2.0000 -0.8838 -0.2978 2.0000
26 2 2 1 3 1 1 1 6 43.44698 30.37406 2 4 2 2 0.3891 0.3685 2.0000 -0.5413 -2.0741 8.0000
149 1 3 3 3 2 2 1 6 18.05108 5.927322 4 2 2 2 0.6655 0.2169 8.0000 -2.3513 -2.8961 8.0000
104 3 1 2 3 1 2 4 1 24.26902 20.58422 2 4 4 4 -2.1806 0.8253 5.0000 0.6552 0.2461 8.0000
69 1 3 3 1 1 2 4 6 11.5534 34.59423 1 1 1 1 -0.5840 0.3858 8.0000 -0.1684 -0.9173 2.0000
81 2 2 1 1 1 2 5 4 12.40154 27.33511 4 3 4 2 -0.5234 -0.1151 2.0000 -0.5106 0.1626 2.0000
