128 1 1 1 3 2 2 2 5 38.90133 38.33097 4 2 1 1 0.0186 0.1740 2.0000 -0.5490 -0.4341 8.0000
137 1 2 2 3 2 2 7 7 19.58738 14.06325 1 4 3 1 0.1467 -0.4121 5.0000 0.5209 -2.0793 8.0000
55 1 2 1 2 1 2 1 7 18.51162 5.958801 1 4 4 3 0.1659 0.0556 2.0000 0.1391 -1.3325 5.0000
24 2 2 1 1 1 1 5 7 43.43369 28.3779 1 2 2 2 -0.3892 -0.3684 2.0000 0.2547 -0.4715 2.0000
6 1 2 1 1 1 1 2 4 26.87657 34.79961 4 3 4 2 0.0544 0.1663 2.0000 -0.5274 0.0949 2.0000
142 1 3 1 2 2 2 1 4 14.04526 39.80467 3 3 4 1 0.1697 0.0425 2.0000 -2.3220 0.2111 5.0000
118 3 3 1 2 1 2 6 6 38.45393 3.838284 4 3 2 1 -0.1063 -0.9265 2.0000 -1.5346 -1.7553 5.0000
109 3 2 1 2 1 2 3 5 12.90892 33.66801 3 2 1 1 -0.2083 0.9090 2.0000 -1.1150 -0.7427 5.0000
42 3 3 2 2 1 1 5 7 42.6726 14.15192 1 3 4 4 -1.7142 -1.5803 5.0000 0.5700 -2.2608 5.0000
116 3 2 3 3 1 2 4 2 9.254635 23.86666 1 2 3 1 -3.0277 2.1793 8.0000 0.7729 1.9994 8.0000
23 1 3 3 3 1 1 4 3 6.31046 39.99757 4 4 3 3 -0.5463 0.4375 8.0000 -2.3978 2.8578 8.0000
19 1 3 2 2 1 1 4 4 14.92387 13.05023 3 4 3 1 -0.3785 0.2192 5.0000 -1.9783 1.2338 5.0000
79 2 1 3 2 1 2 2 7 34.37923 33.88202 1 3 3 1 0.3951 2.1069 8.0000 0.2439 -0.3632 5.0000
134 1 2 1 3 2 2 5 1 17.94152 25.38911 4 2 3 3 -0.1665 -0.0539 2.0000 1.9366 0.9191 8.0000
152 2 2 1 3 2 2 3 8 34.98541 21.78744 3 2 4 2 -0.3073 0.4391 2.0000 1.9701 -0.8449 8.0000
5 1 1 3 3 1 1 3 1 5.780718 32.00565 4 2 3 3 -0.0705 0.6964 8.0000 0.5935 0.3710 8.0000
17 1 3 1 3 1 1 7 6 28.83339 14.67952 3 4 4 3 0.0844 -0.1533 2.0000 -1.8833 -3.2202 8.0000
120 3 3 2 1 1 2 8 3 32.32087 22.74125 4 4 3 4 2.2747 -0.5118 5.0000 -0.3605 0.8601 2.0000
1 1 1 1 2 1 1 2 6 31.58563 14.46098 2 1 4 3 0.0406 0.1702 2.0000 -0.2223 -0.3768 5.0000
155 2 2 3 3 2 2 3 7 38.96564 17.15799 1 1 1 3 -1.3480 1.6667 8.0000 0.6324 -2.0482 8.0000
0 1 1 1 1 1 1 1 2 1.266748 4.120163 1 4 1 3 0.1749 0.0039 2.0000 0.1145 0.1323 2.0000
26 2 2 1 3 1 1 3 8 31.4412 39.63869 2 1 3 3 -0.2795 0.4572 2.0000 2.1342 -0.2003 8.0000
144 1 3 2 1 2 2 2 8 37.20219 0.9301203 1 3 1 2 0.0594 0.4334 5.0000 0.6701 -0.6487 2.0000
112 3 2 2 2 1 2 7 6 42.56669 39.48786 2 1 2 3 1.5772 -1.7172 5.0000 -0.1287 -1.3336 5.0000
48 1 1 2 1 1 2 7 4 1.980876 5.701851 1 1 1 4 0.0151 -0.4372 5.0000 -0.1354 0.1108 2.0000
119 3 3 1 3 1 2 8 2 14.5874 43.06885 1 4 1 1 0.8043 -0.4721 2.0000 0.1257 3.7283 8.0000
16 1 3 1 2 1 1 7 2 29.19797 31.33203 3 3 2 2 0.0854 -0.1527 2.0000 0.5509 2.2655 5.0000
96 2 3 3 1 1 2 2 2 34.17515 35.00801 4 1 4 3 0.4026 2.1055 8.0000 0.1618 0.9185 2.0000
75 2 1 2 1 1 2 3 8 13.35521 0.1050299 2 4 4 4 -0.3095 1.3035 5.0000 0.1240 -0.1235 2.0000
57 1 2 2 1 1 2 7 6 3.641104 23.92267 1 2 2 1 0.0278 -0.4366 5.0000 -0.1927 -0.5000 2.0000
63 1 3 1 1 1 2 4 7 28.85718 3.270922 2 1 3 2 -0.1681 0.0486 2.0000 0.0532 -0.9311 2.0000
77 2 1 2 3 1 2 7 5 38.20608 13.54018 2 2 1 4 0.8286 -1.0528 5.0000 -0.6805 -0.1639 8.0000
11 1 2 2 3 1 1 4 7 19.15078 6.348735 2 2 4 1 -0.3937 0.1907 5.0000 0.2370 -2.1304 8.0000
101 3 1 1 3 1 2 8 8 28.40238 41.35493 4 4 3 4 0.8938 -0.2664 2.0000 0.6985 -0.0445 8.0000
98 2 3 3 3 1 2 4 7 23.27029 27.16568 1 1 1 4 -1.9913 0.7936 8.0000 1.7032 -3.3190 8.0000
53 1 1 3 3 1 2 4 7 41.05298 32.94425 1 3 3 2 -0.6982 0.0482 8.0000 0.3806 -0.5874 8.0000
38 2 3 3 3 1 1 7 4 44.23264 31.75509 3 3 1 2 1.4953 -1.5359 8.0000 -3.6312 0.8547 8.0000
169 3 3 2 3 2 2 5 2 15.49919 40.99431 1 2 3 1 -2.2468 -0.6230 5.0000 0.2606 3.7213 8.0000
97 2 3 3 2 1 2 7 3 11.22025 29.37811 2 3 2 1 0.4171 -2.1026 8.0000 -1.1438 2.0317 5.0000
54 1 2 1 1 1 2 3 2 9.920965 12.09663 1 3 3 4 -0.0301 0.1724 2.0000 0.2911 0.4499 2.0000
82 2 2 1 2 1 2 8 2 15.53899 34.47231 4 2 1 2 0.4666 -0.2636 2.0000 0.2448 1.3172 5.0000
33 2 3 2 1 1 1 5 7 0.9559178 36.26615 2 1 3 3 -1.3396 -0.0224 5.0000 0.5517 -0.7519 2.0000
68 1 3 2 3 1 2 1 3 6.776462 25.86627 1 2 3 3 0.4344 0.0516 5.0000 -1.6275 3.3567 8.0000
105 3 1 3 1 1 2 7 3 36.06765 32.93713 3 4 3 2 2.1963 -3.0154 8.0000 -0.0951 0.1469 2.0000
51 1 1 3 1 1 2 8 5 23.38803 19.04476 4 1 2 4 0.6507 -0.2578 8.0000 -0.1654 -0.0571 2.0000
166 3 3 1 2 2 2 7 1 32.88003 8.341235 1 3 2 2 0.5063 -0.7832 2.0000 2.3069 0.3382 5.0000
2 1 1 1 3 1 1 2 5 36.18076 22.50218 2 2 4 4 0.0268 0.1729 2.0000 -0.6466 -0.2679 8.0000
85 2 2 2 2 1 2 5 7 27.04398 16.0918 2 2 1 3 -1.1933 -0.6091 5.0000 0.3713 -1.2873 5.0000
163 2 3 3 2 2 2 7 7 12.23727 30.45611 1 2 4 1 0.4544 -2.0949 8.0000 1.1818 -2.0098 5.0000
135 1 2 2 1 2 2 6 7 8.901924 18.6043 3 1 2 3 -0.2577 -0.3535 5.0000 0.1710 -0.5079 2.0000
149 1 3 3 3 2 2 2 2 6.31591 1.328573 4 1 4 3 0.4375 0.5464 8.0000 2.5760 2.6983 8.0000
129 1 1 2 2 2 2 7 3 31.90988 33.95163 3 2 1 3 0.2312 -0.3713 5.0000 -0.2443 0.3629 5.0000
27 2 2 2 2 1 1 3 8 3.830747 5.267043 1 4 1 1 -0.0895 1.3368 5.0000 1.0303 -0.8564 5.0000
160 2 3 2 2 2 2 6 6 32.8138 36.87649 1 2 3 3 -0.2828 -1.3096 5.0000 -0.3295 -2.3081 5.0000
72 2 1 1 1 1 2 8 2 20.2993 43.98175 3 2 4 2 0.4869 -0.2239 2.0000 0.0031 0.1749 2.0000
138 1 2 3 1 2 2 8 6 8.169499 4.474075 1 4 2 3 0.5602 -0.4196 8.0000 -0.3482 -0.4073 2.0000
168 3 3 2 2 2 2 7 6 31.73136 15.85989 2 2 2 3 1.2262 -1.9830 5.0000 -1.1353 -2.0364 5.0000
46 1 1 1 2 1 2 6 1 14.33069 35.07066 4 1 3 4 -0.0893 -0.1505 2.0000 0.3580 0.2513 5.0000
45 1 1 1 1 1 2 1 7 15.36705 14.00652 2 4 4 3 0.1687 0.0464 2.0000 0.0424 -0.1698 2.0000
100 3 1 1 2 1 2 8 5 6.833174 39.81098 2 1 2 2 0.7332 -0.5763 2.0000 -0.3360 -0.2801 5.0000
12 1 2 3 1 1 1 8 3 8.502909 24.94683 2 4 3 1 0.5626 -0.4163 8.0000 -0.2260 0.4859 2.0000
83 2 2 1 3 1 2 4 8 12.40315 18.53765 3 2 2 1 -0.4515 0.2887 2.0000 1.9190 -0.9552 8.0000
93 2 3 2 1 1 2 5 6 44.60372 3.28179 2 3 3 3 -0.9539 -0.9408 5.0000 -0.6206 -0.6961 2.0000
64 1 3 1 2 1 2 1 1 10.86612 26.33109 3 2 3 2 0.1718 0.0330 2.0000 2.0896 1.0342 5.0000
7 1 2 1 2 1 1 2 5 18.19723 6.786563 1 4 4 3 0.0789 0.1562 2.0000 -1.3304 -0.1583 5.0000
22 1 3 3 2 1 1 7 1 5.741435 23.3553 4 2 3 3 0.0700 -0.6964 8.0000 2.1405 0.9243 5.0000
61 1 2 3 2 1 2 4 6 15.86741 24.04268 3 2 3 1 -0.6114 0.3407 8.0000 -0.4792 -1.2511 5.0000
3 1 1 2 2 1 1 1 3 23.00071 0.02871573 1 1 1 4 0.4027 0.1709 5.0000 -0.0002 0.4374 5.0000
34 2 3 2 2 1 1 6 5 2.490613 34.32375 4 1 3 1 -0.9053 -0.9876 5.0000 -1.9255 -1.3147 5.0000
65 1 3 1 3 1 2 6 5 37.02793 25.34936 4 2 1 4 -0.0243 -0.1733 2.0000 -3.3713 -1.5971 8.0000
150 2 2 1 1 2 2 3 6 13.87149 22.41585 3 2 4 1 -0.1285 0.5203 2.0000 -0.2058 -0.4948 2.0000
39 3 3 1 1 1 1 1 2 24.10159 26.96544 1 2 4 1 0.8513 0.3808 2.0000 0.2887 0.8868 2.0000
94 2 3 2 2 1 2 7 3 8.466838 20.62127 1 3 1 2 0.1973 -1.3251 5.0000 -0.8211 2.1822 5.0000
18 1 3 2 1 1 1 7 5 28.72783 24.48865 4 2 2 1 0.2103 -0.3836 5.0000 -0.8487 -0.3866 2.0000
44 3 3 3 3 1 1 5 6 24.27919 20.54604 4 4 3 2 -3.4005 -1.5339 8.0000 -1.5443 -3.3958 8.0000
8 1 2 1 3 1 1 2 5 30.67341 30.93891 3 3 3 1 0.0433 0.1695 2.0000 -1.8386 -1.1021 8.0000
154 2 2 2 3 2 2 7 7 36.99672 1.231016 3 2 3 3 0.8062 -1.0700 5.0000 0.0461 -2.1431 8.0000
108 3 2 1 1 1 2 5 5 32.01247 5.131254 4 3 1 1 -0.7908 -0.4944 2.0000 -0.5338 -0.0479 2.0000
20 1 3 2 3 1 1 2 4 41.1022 37.58622 2 1 3 2 0.0297 0.4364 5.0000 -3.6993 0.4814 8.0000
36 2 3 3 1 1 1 4 4 44.77774 28.26561 2 4 3 3 -2.1436 0.0083 8.0000 -0.8931 0.2685 2.0000
131 1 1 3 3 2 2 7 3 38.35075 23.0775 1 1 3 3 0.4343 -0.5489 8.0000 -0.2743 0.6439 8.0000
111 3 2 2 1 1 2 7 8 34.90776 12.93805 2 3 4 1 1.3342 -1.9120 5.0000 0.4542 -0.2845 2.0000
130 1 1 2 3 2 2 4 8 23.46798 15.29505 4 3 4 4 -0.4069 0.1606 5.0000 0.6079 -0.3468 8.0000
29 2 2 3 3 1 1 2 4 32.6816 35.48055 3 3 1 4 0.4573 2.0942 8.0000 -2.1141 0.3545 8.0000
117 3 3 1 1 1 2 2 1 12.21824 14.61045 4 2 3 2 0.5050 0.7841 2.0000 0.9025 0.2352 2.0000
49 1 1 2 2 1 2 7 3 41.89913 23.99019 3 4 2 1 0.2921 -0.3256 5.0000 -0.1779 0.3997 5.0000
167 3 3 1 3 2 2 6 5 25.79914 36.70273 2 1 2 1 -0.3067 -0.8807 2.0000 -2.9909 -2.2296 8.0000
37 2 3 3 2 1 1 8 2 11.19593 32.17086 2 2 4 3 1.7812 -1.1926 8.0000 0.5177 2.2733 5.0000
9 1 2 2 1 1 1 8 2 29.31755 18.86808 1 3 2 4 0.4212 -0.1182 5.0000 0.2360 0.4811 2.0000
70 1 3 3 2 1 2 4 7 1.85663 37.58217 3 3 3 2 -0.5107 0.4786 8.0000 1.4220 -1.8477 5.0000
103 3 1 2 2 1 2 8 3 5.148726 21.33583 4 3 1 4 1.7899 -1.4940 5.0000 -0.1592 0.4075 5.0000
115 3 2 3 2 1 2 2 1 14.4303 44.31302 2 4 3 3 1.8973 3.2120 8.0000 0.9586 0.9359 5.0000
71 1 3 3 3 1 2 2 1 38.81841 18.17723 1 4 1 2 0.0754 0.6958 8.0000 3.5443 1.1637 8.0000
99 3 1 1 1 1 2 4 4 12.34545 34.59479 4 4 1 1 -0.7852 0.5032 2.0000 -0.1721 0.0316 2.0000
58 1 2 2 2 1 2 5 3 19.14107 21.65963 2 3 3 3 -0.4133 -0.1434 5.0000 -0.4945 1.2452 5.0000
104 3 1 2 3 1 2 3 3 26.20704 43.14293 2 1 4 4 -1.0296 2.0919 5.0000 -0.4786 0.5107 8.0000
30 2 3 1 1 1 1 7 7 13.82062 38.50184 3 3 2 2 0.1280 -0.5204 2.0000 0.5806 -0.7299 2.0000
81 2 2 1 1 1 2 1 4 42.18011 13.67064 2 1 2 3 0.3971 0.3598 2.0000 -0.4578 0.2786 2.0000
102 3 1 2 1 1 2 5 6 43.21814 37.78252 2 3 2 2 -1.6991 -1.5966 5.0000 -0.0220 -0.1736 2.0000
121 3 3 2 2 1 2 6 1 3.284311 35.49221 3 4 2 3 -1.5515 -1.7404 5.0000 1.8983 1.3537 5.0000
156 2 3 1 1 2 2 7 5 43.92064 27.1644 1 2 2 3 0.3717 -0.3860 2.0000 -0.8297 -0.4258 2.0000
60 1 2 3 1 1 2 5 2 6.368256 20.55955 1 4 3 4 -0.6956 -0.0776 8.0000 0.2217 0.4879 2.0000
28 2 2 2 3 1 1 3 7 32.77288 30.59953 4 2 4 4 -0.7252 1.1265 5.0000 1.0912 -1.8451 8.0000
88 2 2 3 2 1 2 8 1 2.728252 28.12005 1 1 1 4 1.5862 -1.4419 8.0000 1.1816 0.6314 5.0000
164 2 3 3 3 2 2 1 3 27.05187 14.8488 2 3 3 1 1.9091 0.9749 8.0000 -0.9560 3.6059 8.0000
157 2 3 1 2 2 2 5 1 8.206207 8.250201 2 3 2 4 -0.5304 -0.0765 2.0000 2.3074 0.3346 5.0000
133 1 2 1 2 2 2 7 1 38.30436 33.10666 3 4 1 4 0.1085 -0.1373 2.0000 1.1222 0.7318 5.0000
14 1 2 3 3 1 1 1 6 35.86782 27.18896 1 2 4 2 0.5672 0.4101 8.0000 -0.6557 -2.0409 8.0000
74 2 1 1 3 1 2 8 6 0.5193883 30.45229 1 4 4 4 0.3824 -0.3755 2.0000 -0.1758 -0.6775 8.0000
165 3 3 1 1 2 2 6 6 4.087231 31.56796 3 1 3 2 -0.6108 -0.7048 2.0000 -0.2166 -0.9071 2.0000
67 1 3 2 2 1 2 2 4 30.76262 20.43896 3 2 1 2 0.1076 0.4240 5.0000 -2.1206 0.9691 5.0000
50 1 1 2 3 1 2 2 5 10.33143 35.67315 4 4 3 1 0.2488 0.3598 5.0000 -0.5686 -0.4082 8.0000
122 3 3 2 3 1 2 6 8 15.13045 38.49076 2 2 2 2 -1.1612 -2.0218 5.0000 3.7064 -0.4229 8.0000
59 1 2 2 3 1 2 8 2 43.84382 10.89055 3 1 1 4 0.4374 -0.0088 5.0000 1.2021 1.7748 8.0000
159 2 3 2 1 2 2 4 3 16.64934 24.17892 4 2 2 3 -1.1791 0.6362 5.0000 -0.3820 0.8508 2.0000
162 2 3 3 1 2 2 4 5 24.04656 11.34436 3 2 3 1 -2.0018 0.7666 8.0000 -0.9144 -0.1835 2.0000
107 3 1 3 3 1 2 6 6 23.82216 27.71273 1 3 2 4 -1.3477 -3.4785 8.0000 -0.2080 -0.6683 8.0000
90 2 3 1 1 1 2 3 8 11.56379 29.88096 3 2 1 4 -0.1074 0.5250 2.0000 0.9003 -0.2432 2.0000
151 2 2 1 2 2 2 8 4 13.45608 33.07642 4 3 4 2 0.4567 -0.2804 2.0000 -1.3108 0.2768 5.0000
91 2 3 1 2 1 2 6 2 16.20223 23.33068 1 3 1 4 -0.2582 -0.4696 2.0000 0.8609 2.1668 5.0000
35 2 3 2 3 1 1 6 1 17.20985 25.20469 2 1 1 1 -0.6246 -1.1852 5.0000 3.3753 1.5886 8.0000
40 3 3 1 2 1 1 7 4 35.15644 12.7314 4 1 2 4 0.5370 -0.7625 2.0000 -1.9714 1.2448 5.0000
89 2 2 3 3 1 2 2 5 17.91133 9.882824 4 2 2 4 0.9761 1.9084 8.0000 -2.1118 -0.3679 8.0000
41 3 3 1 3 1 1 1 5 15.3422 27.64886 2 4 4 3 0.8994 0.2468 2.0000 -3.3045 -1.7311 8.0000
4 1 1 2 3 1 1 6 4 33.36679 32.9764 2 2 1 1 -0.0882 -0.4285 5.0000 -0.6846 0.1458 8.0000
147 1 3 3 1 2 2 3 7 2.068874 21.10812 2 3 4 4 -0.0253 0.6995 8.0000 0.3359 -0.8700 2.0000
170 3 3 3 3 2 2 6 5 34.02313 40.10755 3 4 1 2 -0.7103 -3.6622 8.0000 -2.8532 -2.4033 8.0000
106 3 1 3 2 1 2 3 3 24.91984 39.12485 2 2 3 3 -1.5718 3.3831 8.0000 -0.2760 0.3394 5.0000
158 2 3 1 3 2 2 8 4 12.58896 10.05299 4 4 4 2 0.4524 -0.2872 2.0000 -3.0578 2.1369 8.0000
125 3 3 3 3 1 2 1 4 12.40171 33.04988 1 1 1 3 3.6434 0.8012 8.0000 -3.6496 0.7724 8.0000
127 1 1 1 2 2 2 6 1 1.351635 3.762083 3 4 1 3 -0.1208 -0.1266 2.0000 0.4365 0.0287 5.0000
113 3 2 2 3 1 2 4 4 7.344065 32.99596 4 3 3 4 -1.8459 1.4244 5.0000 -2.0967 0.4458 8.0000
15 1 3 1 1 1 1 3 8 36.42338 18.15839 2 3 3 3 -0.1039 0.1408 2.0000 0.8321 -0.4211 2.0000
132 1 2 1 1 2 2 7 3 28.91728 22.58483 1 2 3 1 0.0846 -0.1532 2.0000 -0.2058 0.4948 2.0000
123 3 3 3 1 1 2 6 1 27.40547 32.78954 3 1 4 1 -1.1276 -3.5559 8.0000 0.7840 0.5051 2.0000
10 1 2 2 2 1 1 7 4 10.89955 31.70371 2 1 1 3 0.0827 -0.4296 5.0000 -1.3038 0.3081 5.0000
31 2 3 1 2 1 1 2 6 8.531174 41.36094 2 2 1 4 0.3185 0.4310 2.0000 -0.1480 -2.3268 5.0000
148 1 3 3 2 2 2 7 8 11.83636 29.5711 3 1 4 2 0.1436 -0.6850 8.0000 2.2475 -0.6203 5.0000
161 2 3 2 3 2 2 1 6 32.76449 19.48385 1 2 4 1 1.1266 0.7251 5.0000 -1.6070 -3.3666 8.0000
43 3 3 2 3 1 1 5 4 18.50401 41.98708 4 4 2 1 -2.2110 -0.7400 5.0000 -3.7253 0.1961 8.0000
69 1 3 3 1 1 2 2 1 17.14416 2.623721 4 1 2 1 0.3270 0.6188 8.0000 0.9316 0.0427 2.0000
73 2 1 1 2 1 2 3 1 17.0552 1.758167 2 1 4 1 -0.1572 0.5123 2.0000 0.4372 0.0134 5.0000
21 1 3 3 1 1 1 6 5 43.34478 19.51461 2 2 2 3 -0.0202 -0.6996 8.0000 -0.8790 -0.3115 2.0000
32 2 3 1 3 1 1 8 8 30.16956 17.81379 4 4 3 3 0.5180 -0.1372 2.0000 3.3183 -1.7044 8.0000
86 2 2 2 3 1 2 1 3 29.78091 2.204261 3 2 3 2 1.1628 0.6654 5.0000 -0.0824 2.1420 8.0000
78 2 1 3 1 1 2 7 1 20.55243 42.19941 1 4 1 3 0.7525 -2.0072 8.0000 0.1296 0.1175 2.0000
13 1 2 3 2 1 1 7 6 36.33047 18.90193 4 3 4 1 0.4147 -0.5639 8.0000 -0.5894 -1.2031 5.0000
153 2 2 2 2 2 2 2 6 24.74925 8.008926 1 2 2 3 0.4637 1.2569 5.0000 -0.8061 -1.0701 5.0000
76 2 1 2 2 1 2 1 6 7.978622 26.46637 3 4 2 1 1.3268 0.1860 5.0000 -0.1390 -0.4148 5.0000
124 3 3 3 2 1 2 8 4 28.26124 13.98347 3 3 2 3 3.5724 -1.0744 8.0000 -1.9982 1.2014 5.0000
114 3 2 3 1 1 2 6 5 25.84998 44.89632 4 2 2 2 -1.2238 -3.5240 8.0000 -0.3796 -0.3783 2.0000
66 1 3 2 1 1 2 6 8 20.60247 36.38408 1 3 4 4 -0.1807 -0.3984 5.0000 0.9221 -0.1397 2.0000
25 2 2 1 2 1 1 3 2 17.18946 21.19986 3 3 2 1 -0.1584 0.5120 2.0000 0.5407 1.2258 5.0000
80 2 1 3 3 1 2 7 5 15.31204 10.73248 3 4 2 3 0.5661 -2.0675 8.0000 -0.6877 -0.1303 8.0000
84 2 2 2 1 1 2 1 3 3.469148 38.61333 4 3 3 2 1.3373 0.0811 5.0000 -0.3344 0.4187 2.0000
95 2 3 2 3 1 2 6 4 24.79893 17.94196 3 1 4 3 -0.4626 -1.2573 5.0000 -3.3221 1.6970 8.0000
143 1 3 1 3 2 2 4 1 21.99591 37.77365 4 3 4 4 -0.1611 0.0684 2.0000 2.9487 2.2851 8.0000
110 3 2 1 3 1 2 7 2 33.88821 2.890939 1 3 4 3 0.5200 -0.7742 2.0000 1.4374 1.5903 8.0000
52 1 1 3 2 1 2 2 7 4.969564 33.20804 3 3 4 4 0.4502 0.5359 8.0000 0.2396 -0.3660 5.0000
139 1 2 3 2 2 2 3 7 28.98331 24.27809 3 2 2 1 -0.3391 0.6123 8.0000 0.5509 -1.2213 5.0000
56 1 2 1 3 1 2 4 8 42.52052 14.69688 4 3 3 1 -0.1748 0.0076 2.0000 1.8507 -1.0816 8.0000
47 1 1 1 3 1 2 7 4 41.58196 29.00924 1 3 4 1 0.1161 -0.1309 2.0000 -0.6728 0.1928 8.0000
126 1 1 1 1 2 2 7 4 23.74637 33.40155 1 4 4 2 0.0705 -0.1602 2.0000 -0.1714 0.0352 2.0000
141 1 3 1 1 2 2 6 1 26.66237 19.827 1 1 3 3 -0.0551 -0.1661 2.0000 0.8773 0.3163 2.0000
87 2 2 3 1 1 2 8 4 11.51908 18.87689 2 3 3 1 1.7879 -1.1825 8.0000 -0.4812 0.2360 2.0000
92 2 3 1 3 1 2 3 5 27.82454 8.588611 4 4 3 4 -0.2501 0.4739 2.0000 -3.6886 -0.5571 8.0000
140 1 2 3 3 2 2 6 2 28.31832 26.41982 4 2 1 2 -0.2009 -0.6705 8.0000 0.6830 2.0319 8.0000
146 1 3 2 3 2 2 8 5 15.80719 35.79586 4 2 4 4 0.3819 -0.2134 5.0000 -3.0258 -2.1819 8.0000
136 1 2 2 2 2 2 1 6 33.32347 6.247949 1 4 2 4 0.3655 0.2403 5.0000 -0.8386 -1.0448 5.0000
62 1 2 3 3 1 2 4 4 40.59639 15.79073 3 1 2 2 -0.6978 0.0537 8.0000 -1.8710 1.0461 8.0000
145 1 3 2 2 2 2 8 6 44.81775 35.54155 4 2 2 4 0.4374 -0.0014 5.0000 -0.3831 -2.2998 5.0000
