104 3 1 2 3 1 2 8 4 36.60112 35.94759 2 1 3 4 2.3065 -0.3406 5.0000 -0.6912 0.1101 8.0000
20 1 3 2 3 1 1 3 6 36.62553 8.577071 3 4 4 4 -0.2610 0.3511 5.0000 -2.2149 -3.0017 8.0000
32 2 3 1 3 1 1 3 2 5.841626 5.236444 4 1 2 3 -0.0545 0.5331 2.0000 2.3861 2.8676 8.0000
47 1 1 1 3 1 2 7 2 41.00302 12.62091 2 1 3 1 0.1148 -0.1321 2.0000 0.3748 0.5911 8.0000
75 2 1 2 1 1 2 5 1 26.98162 20.52077 4 2 3 2 -1.1939 -0.6078 5.0000 0.1639 0.0613 2.0000
126 1 1 1 1 2 2 4 1 44.63575 6.919606 1 3 4 3 -0.1750 0.0011 2.0000 0.1737 0.0211 2.0000
115 3 2 3 2 1 2 4 6 12.58637 40.30558 4 3 3 4 -3.1493 1.9996 8.0000 -0.1096 -1.3353 5.0000
141 1 3 1 1 2 2 5 7 8.085181 20.4584 3 3 4 1 -0.1732 -0.0246 2.0000 0.3260 -0.8738 2.0000
78 2 1 3 1 1 2 3 2 11.6907 0.4706043 4 2 3 4 -0.4344 2.0991 8.0000 0.1227 0.1247 2.0000
110 3 2 1 3 1 2 4 3 32.97698 25.43867 4 4 3 2 -0.9122 0.1943 2.0000 -0.9208 1.9358 8.0000
99 3 1 1 1 1 2 6 7 5.300866 40.92272 1 4 3 2 -0.5957 -0.7176 2.0000 0.1146 -0.1322 2.0000
120 3 3 2 1 1 2 1 4 13.14315 26.20997 4 1 2 2 2.2705 0.5302 5.0000 -0.8829 0.3004 2.0000
155 2 2 3 3 2 2 3 4 43.10619 44.22978 2 2 1 2 -1.4648 1.5650 8.0000 -2.1434 0.0288 8.0000
144 1 3 2 1 2 2 1 8 23.58587 10.75851 3 1 2 2 0.4009 0.1750 5.0000 0.7710 -0.5248 2.0000
12 1 2 3 1 1 1 8 1 1.478793 32.95695 2 4 4 1 0.5075 -0.4820 8.0000 0.4497 0.2915 2.0000
165 3 3 1 1 2 2 5 5 20.32445 44.45916 2 3 1 3 -0.8746 -0.3239 2.0000 -0.6657 -0.6532 2.0000
87 2 2 3 1 1 2 5 3 32.33804 18.06203 3 1 3 2 -1.8111 -1.1466 8.0000 -0.1662 0.5095 2.0000
150 2 2 1 1 2 2 8 5 10.98098 33.19458 4 4 1 4 0.4442 -0.2998 2.0000 -0.4484 -0.2934 2.0000
38 2 3 3 3 1 1 3 6 25.43944 36.38783 2 4 4 3 -0.9208 1.9358 8.0000 -0.5586 -3.6884 8.0000
93 2 3 2 1 1 2 4 7 13.90416 20.22855 2 1 4 1 -1.1472 0.6919 5.0000 0.3225 -0.8751 2.0000
28 2 2 2 3 1 1 1 3 16.39024 15.3393 3 2 2 3 1.2853 0.3780 5.0000 -0.5671 2.0672 8.0000
132 1 2 1 1 2 2 2 5 16.20418 29.58883 4 3 4 2 0.0843 0.1533 2.0000 -0.4660 -0.2646 2.0000
71 1 3 3 3 1 2 5 2 21.87246 23.68553 3 3 4 4 -0.6495 -0.2607 8.0000 1.3560 3.4753 8.0000
5 1 1 3 3 1 1 2 7 41.26274 36.87001 1 4 1 3 0.0456 0.6984 8.0000 0.4199 -0.5599 8.0000
60 1 2 3 1 1 2 4 4 16.4365 34.03803 2 3 1 1 -0.6147 0.3346 8.0000 -0.5261 0.1019 2.0000
129 1 1 2 2 2 2 4 1 2.590821 27.58955 2 3 2 2 -0.3230 0.2950 5.0000 0.3877 0.2026 5.0000
146 1 3 2 3 2 2 8 2 8.095272 40.00151 1 2 3 2 0.3498 -0.2627 5.0000 0.3250 3.7163 8.0000
151 2 2 1 2 2 2 1 8 12.52259 2.457231 1 1 3 4 0.5231 0.1162 2.0000 0.9871 -0.9059 5.0000
2 1 1 1 3 1 1 1 5 17.52771 16.50942 2 3 4 3 0.1669 0.0527 2.0000 -0.6711 -0.1989 8.0000
163 2 3 3 2 2 2 8 7 13.88181 16.13067 3 1 1 2 1.8351 -1.1078 8.0000 0.6478 -2.2397 5.0000
145 1 3 2 2 2 2 7 8 41.67045 24.6055 2 2 2 3 0.2908 -0.3268 5.0000 2.1854 -0.8125 5.0000
63 1 3 1 1 1 2 4 3 23.00843 15.44228 3 2 2 3 -0.1622 0.0655 2.0000 -0.2483 0.8989 2.0000
160 2 3 2 2 2 2 2 7 20.16019 44.04823 4 4 3 3 0.5628 1.2158 5.0000 1.6210 -1.6758 5.0000
157 2 3 1 2 2 2 1 7 19.63467 25.92372 2 3 3 4 0.5047 0.1801 2.0000 1.0193 -2.0969 5.0000
107 3 1 3 3 1 2 6 2 2.318882 12.13221 3 1 1 2 -2.5289 -2.7424 8.0000 0.3798 0.5879 8.0000
27 2 2 2 2 1 1 3 1 43.95315 33.38137 4 4 2 2 -0.9299 0.9645 5.0000 1.1187 0.7371 5.0000
156 2 3 1 1 2 2 3 4 31.28049 6.13301 4 3 3 1 -0.2783 0.4580 2.0000 -0.7261 0.5852 2.0000
95 2 3 2 3 1 2 7 1 6.006094 30.89014 3 1 1 1 0.1402 -1.3324 5.0000 3.2013 1.9152 8.0000
83 2 2 1 3 1 2 8 3 11.25846 38.44553 1 4 1 4 0.4456 -0.2977 2.0000 -1.3328 1.6789 8.0000
13 1 2 3 2 1 1 7 4 25.11686 6.902815 2 2 4 2 0.2971 -0.6337 8.0000 -1.0543 0.8266 5.0000
0 1 1 1 1 1 1 3 1 25.87384 33.13815 3 3 4 1 -0.0764 0.1574 2.0000 0.1465 0.0957 2.0000
23 1 3 3 3 1 1 6 7 34.35758 15.23659 4 3 4 1 -0.1293 -0.6879 8.0000 0.9804 -3.5993 8.0000
53 1 1 3 3 1 2 8 1 6.887242 41.68675 3 4 2 3 0.5507 -0.4320 8.0000 0.5227 0.4655 8.0000
19 1 3 2 2 1 1 7 6 1.565729 27.18672 4 1 3 4 0.0120 -0.4373 5.0000 -0.7133 -2.2198 5.0000
54 1 2 1 1 1 2 3 6 13.66987 25.11013 1 4 4 4 -0.0414 0.1700 2.0000 -0.1823 -0.5039 2.0000
161 2 3 2 3 2 2 2 2 43.67498 5.274038 3 3 4 3 0.0310 1.3394 5.0000 2.3842 2.8691 8.0000
88 2 2 3 2 1 2 4 6 34.55187 32.08005 1 3 1 1 -2.1081 0.3887 8.0000 -0.2996 -1.3058 5.0000
31 2 3 1 2 1 1 4 5 39.98001 5.283898 3 1 2 3 -0.5338 0.0469 2.0000 -2.3216 -0.2147 5.0000
152 2 2 1 3 2 2 5 8 9.854511 27.3875 4 3 2 1 -0.5280 -0.0917 2.0000 2.0431 -0.6486 8.0000
39 3 3 1 1 1 1 8 6 34.16983 13.84221 4 1 4 2 0.9160 -0.1752 2.0000 -0.4825 -0.7981 2.0000
128 1 1 1 3 2 2 2 7 10.53506 4.870473 4 3 2 4 0.0990 0.1443 2.0000 0.0594 -0.6974 8.0000
62 1 2 3 3 1 2 1 7 19.56392 23.79118 3 1 3 1 0.6595 0.2344 8.0000 0.8647 -1.9614 8.0000
127 1 1 1 2 2 2 7 2 30.72219 12.43703 2 2 4 2 0.0894 -0.1504 2.0000 0.2354 0.3687 5.0000
133 1 2 1 2 2 2 8 8 6.977772 24.39214 4 3 2 3 0.1378 -0.1078 2.0000 1.2540 -0.4716 5.0000
94 2 3 2 2 1 2 6 3 21.33348 5.17153 4 4 2 4 -0.5378 -1.2271 5.0000 -0.2102 2.3220 5.0000
14 1 2 3 3 1 1 7 3 5.551212 14.26757 2 2 3 4 0.0677 -0.6966 8.0000 -0.5283 2.0775 8.0000
26 2 2 1 3 1 1 3 5 12.55655 4.038811 4 2 4 3 -0.1165 0.5231 2.0000 -2.1383 -0.1510 8.0000
111 3 2 2 1 1 2 8 6 39.98742 6.133804 1 4 1 1 2.3226 -0.2037 5.0000 -0.3363 -0.4173 2.0000
24 2 2 1 1 1 1 1 3 23.38932 10.95675 1 2 2 2 0.4919 0.2127 2.0000 -0.1019 0.5261 2.0000
139 1 2 3 2 2 2 7 8 23.43523 33.46581 2 4 1 4 0.2784 -0.6422 8.0000 1.3127 -0.2679 5.0000
159 2 3 2 1 2 2 4 8 21.48053 35.63486 4 4 2 1 -1.2284 0.5346 5.0000 0.9202 -0.1518 2.0000
148 1 3 3 2 2 2 3 1 38.54914 26.75906 3 1 3 3 -0.4362 0.5474 8.0000 2.0818 1.0498 5.0000
61 1 2 3 2 1 2 8 7 15.54798 41.67647 2 4 3 4 0.6095 -0.3441 8.0000 0.8908 -1.0007 5.0000
6 1 2 1 1 1 1 1 7 10.10728 0.2735639 3 4 3 2 0.1723 0.0307 2.0000 0.0026 -0.5359 2.0000
17 1 3 1 3 1 1 3 8 26.91975 20.94846 1 2 3 1 -0.0792 0.1560 2.0000 3.4066 -1.5204 8.0000
10 1 2 2 2 1 1 3 8 11.32712 41.91631 4 3 4 1 -0.0859 0.4289 5.0000 1.3378 -0.0721 5.0000
30 2 3 1 1 1 1 2 3 34.09295 35.67267 1 1 2 1 0.1014 0.5262 2.0000 -0.5439 0.7576 2.0000
67 1 3 2 2 1 2 4 5 1.639114 1.384385 3 1 4 1 -0.3180 0.3003 5.0000 -2.3309 -0.0563 5.0000
98 2 3 3 3 1 2 8 8 37.06569 18.34441 3 3 3 2 2.1231 -0.2959 8.0000 3.3340 -1.6736 8.0000
73 2 1 1 2 1 2 7 1 4.482427 28.57121 1 3 2 1 0.0419 -0.5343 2.0000 0.3842 0.2092 5.0000
77 2 1 2 3 1 2 4 5 31.78663 35.78151 1 3 4 1 -1.3043 0.3062 5.0000 -0.5678 -0.4092 8.0000
69 1 3 3 1 1 2 5 4 28.74197 2.996376 1 3 2 4 -0.6137 -0.3366 8.0000 -0.6930 0.6241 2.0000
123 3 3 3 1 1 2 3 8 5.349435 29.98162 4 2 2 1 -0.3478 3.7142 8.0000 0.9008 -0.2417 2.0000
105 3 1 3 1 1 2 2 7 11.81144 23.67708 1 2 4 4 2.0420 3.1219 8.0000 0.0703 -0.1602 2.0000
170 3 3 3 3 2 2 7 3 12.90401 11.63336 4 1 1 4 0.8331 -3.6363 8.0000 -0.7522 3.6538 8.0000
113 3 2 2 3 1 2 4 3 31.94788 3.973135 3 3 2 3 -2.2713 0.5265 5.0000 -0.1485 2.1384 8.0000
138 1 2 3 1 2 2 3 6 28.73133 28.02945 2 3 4 1 -0.3364 0.6137 8.0000 -0.1564 -0.5126 2.0000
164 2 3 3 3 2 2 2 8 15.0016 29.29748 1 4 2 1 1.0717 1.8564 8.0000 3.5912 -1.0096 8.0000
135 1 2 2 1 2 2 8 3 11.85927 26.18077 1 2 1 3 0.3663 -0.2391 5.0000 -0.2364 0.4809 2.0000
108 3 2 1 1 1 2 3 4 9.024721 30.42686 2 2 1 3 -0.1463 0.9211 2.0000 -0.5187 0.1348 2.0000
114 3 2 3 1 1 2 7 6 32.23416 37.45183 1 2 3 4 1.9898 -3.1555 8.0000 -0.0704 -0.5313 2.0000
143 1 3 1 3 2 2 4 7 11.99242 13.16336 2 2 3 3 -0.1467 0.0953 2.0000 0.8495 -3.6324 8.0000
18 1 3 2 1 1 1 6 2 39.45374 35.78296 1 3 3 1 -0.0423 -0.4354 5.0000 0.1494 0.9206 2.0000
22 1 3 3 2 1 1 2 5 11.10085 21.24859 4 3 2 1 0.3904 0.5809 8.0000 -2.1730 -0.8450 5.0000
9 1 2 2 1 1 1 2 7 2.098507 35.94411 1 2 1 2 0.2978 0.3204 5.0000 0.3146 -0.4339 2.0000
147 1 3 3 1 2 2 6 8 21.80805 26.91965 3 4 2 2 -0.2756 -0.6434 8.0000 0.8866 -0.2894 2.0000
136 1 2 2 2 2 2 1 5 43.9418 8.421063 1 3 4 4 0.3150 0.3036 5.0000 -1.3253 -0.1962 5.0000
34 2 3 2 2 1 1 2 5 33.18291 24.7518 1 3 3 4 0.2744 1.3114 5.0000 -2.1173 -0.9762 5.0000
42 3 3 2 2 1 1 2 3 16.39782 37.02086 1 1 3 4 1.1162 2.0470 5.0000 -1.4038 1.8615 5.0000
81 2 2 1 1 1 2 6 4 5.582128 41.152 4 2 3 4 -0.3403 -0.4140 2.0000 -0.5347 0.0360 2.0000
37 2 3 3 2 1 1 8 8 13.38468 25.39912 3 4 1 3 1.8255 -1.1237 8.0000 2.1964 -0.7822 5.0000
124 3 3 3 2 1 2 1 2 4.694376 27.49756 2 1 1 2 3.7179 0.3053 8.0000 0.7012 2.2236 5.0000
125 3 3 3 3 1 2 8 6 23.04421 16.61127 4 3 1 2 3.4599 -1.3948 8.0000 -1.7737 -3.2818 8.0000
7 1 2 1 2 1 1 2 3 21.07815 2.279754 1 3 2 4 0.0710 0.1599 2.0000 -0.0533 1.3387 5.0000
29 2 2 3 3 1 1 6 8 9.38698 1.716447 2 2 4 1 -1.2482 -1.7427 8.0000 1.5605 -1.4697 8.0000
85 2 2 2 2 1 2 2 7 5.239406 5.14371 3 2 1 1 0.8569 1.0299 5.0000 0.1201 -1.3344 5.0000
45 1 1 1 1 1 2 5 1 28.40328 24.77535 2 2 4 3 -0.1539 -0.0832 2.0000 0.1589 0.0733 2.0000
43 3 3 2 3 1 1 5 1 2.707105 23.3488 4 1 2 3 -2.3289 -0.1101 5.0000 3.4250 1.4785 8.0000
140 1 2 3 3 2 2 7 6 37.5798 27.92468 1 1 1 4 0.4269 -0.5547 8.0000 -0.6294 -2.0491 8.0000
153 2 2 2 2 2 2 1 7 37.40203 0.3722262 4 4 4 4 1.0643 0.8138 5.0000 0.0087 -1.3397 5.0000
57 1 2 2 1 1 2 8 5 38.69716 41.74315 2 4 2 2 0.4348 -0.0480 5.0000 -0.3999 -0.3568 2.0000
91 2 3 1 2 1 2 3 4 14.20993 22.35773 1 4 4 4 -0.1315 0.5195 2.0000 -2.1518 0.8976 5.0000
58 1 2 2 2 1 2 3 5 24.27467 31.73957 3 1 1 1 -0.1798 0.3988 5.0000 -1.1394 -0.7048 5.0000
33 2 3 2 1 1 1 4 2 11.9684 0.955081 2 3 3 3 -1.1232 0.7303 5.0000 0.6484 0.6704 2.0000
35 2 3 2 3 1 1 6 3 6.667596 19.98646 2 4 3 3 -0.8309 -1.0509 5.0000 -1.2751 3.5058 8.0000
56 1 2 1 3 1 2 8 7 42.6427 41.484 3 2 3 1 0.1748 -0.0072 2.0000 1.4199 -1.6059 8.0000
142 1 3 1 2 2 2 2 1 3.689743 44.4267 4 3 1 2 0.1155 0.1314 2.0000 1.6651 1.6321 5.0000
41 3 3 1 3 1 1 1 3 31.92464 25.8071 1 3 3 2 0.7916 0.4932 2.0000 -1.6240 3.3584 8.0000
40 3 3 1 2 1 1 7 1 34.11218 32.20386 1 3 3 1 0.5230 -0.7722 2.0000 1.9728 1.2426 5.0000
167 3 3 1 3 2 2 1 8 12.9879 30.20983 2 2 2 3 0.9088 0.2096 2.0000 3.6069 -0.9523 8.0000
122 3 3 2 3 1 2 5 5 39.1928 11.87149 1 3 4 1 -1.8070 -1.4734 5.0000 -3.6507 -0.7674 8.0000
96 2 3 3 1 1 2 6 6 3.115456 13.53985 4 4 1 2 -1.4311 -1.5959 8.0000 -0.4867 -0.7955 2.0000
162 2 3 3 1 2 2 5 3 14.53834 18.97885 4 2 4 1 -2.0750 -0.5381 8.0000 -0.3033 0.8819 2.0000
65 1 3 1 3 1 2 1 6 3.954461 6.86285 2 1 2 1 0.1746 0.0121 2.0000 -2.3037 -2.9341 8.0000
46 1 1 1 2 1 2 6 3 27.31257 29.39837 2 3 3 4 -0.0532 -0.1667 2.0000 -0.2147 0.3811 5.0000
16 1 3 1 2 1 1 1 3 22.21065 17.36409 1 1 1 4 0.1620 0.0661 2.0000 -0.6958 2.2253 5.0000
102 3 1 2 1 1 2 4 1 24.90664 35.70742 2 2 4 4 -2.1896 0.8010 5.0000 0.1421 0.1021 2.0000
82 2 2 1 2 1 2 4 1 8.973298 20.51147 4 3 1 3 -0.4334 0.3152 2.0000 1.2548 0.4694 5.0000
52 1 1 3 2 1 2 7 2 28.20016 12.33041 1 2 1 4 0.3307 -0.6168 8.0000 0.2361 0.3682 5.0000
72 2 1 1 1 1 2 8 6 15.68773 39.17792 2 3 3 1 0.4673 -0.2624 2.0000 -0.0177 -0.1741 2.0000
36 2 3 3 1 1 1 7 7 22.84367 1.024894 3 1 2 4 0.8322 -1.9755 8.0000 0.0167 -0.9325 2.0000
117 3 3 1 1 1 2 5 1 35.56263 29.64157 3 3 3 2 -0.7587 -0.5424 2.0000 0.8106 0.4612 2.0000
49 1 1 2 2 1 2 6 4 41.74949 10.50376 1 4 1 4 -0.0248 -0.4367 5.0000 -0.3605 0.2477 5.0000
4 1 1 2 3 1 1 1 5 33.6143 5.966461 3 1 4 3 0.3643 0.2422 5.0000 -0.6961 -0.0728 8.0000
169 3 3 2 3 2 2 7 7 15.62949 39.95465 1 4 2 3 0.6282 -2.2453 5.0000 2.3956 -2.8596 8.0000
55 1 2 1 2 1 2 4 4 2.148675 35.61115 4 2 2 4 -0.1283 0.1190 2.0000 -1.3218 0.2186 5.0000
119 3 3 1 3 1 2 8 5 32.41706 35.48783 1 1 2 3 0.9102 -0.2032 2.0000 -3.0375 -2.1656 8.0000
166 3 3 1 2 2 2 2 6 27.33384 37.5858 2 4 4 1 0.2830 0.8886 2.0000 -0.3009 -2.3120 5.0000
121 3 3 2 2 1 2 7 8 6.069914 24.69298 1 1 2 2 0.2465 -2.3185 5.0000 2.1866 -0.8092 5.0000
97 2 3 3 2 1 2 1 8 4.02312 27.78581 4 1 3 2 2.1383 0.1504 8.0000 2.2271 -0.6900 5.0000
79 2 1 3 2 1 2 3 2 39.25714 28.08679 1 4 3 4 -1.3565 1.6598 8.0000 0.1273 0.4185 5.0000
80 2 1 3 3 1 2 4 4 43.26378 21.62951 3 2 1 1 -2.1426 0.0649 8.0000 -0.6425 0.2776 8.0000
66 1 3 2 1 1 2 1 7 15.55228 16.37089 4 4 3 1 0.4214 0.1173 5.0000 0.2629 -0.8948 2.0000
15 1 3 1 1 1 1 7 2 42.74477 33.56814 4 3 2 2 0.1188 -0.1285 2.0000 0.1848 0.9141 2.0000
59 1 2 2 3 1 2 8 7 24.04471 10.30743 3 4 3 3 0.4085 -0.1564 5.0000 0.3836 -2.1090 8.0000
86 2 2 2 3 1 2 6 3 40.28302 4.85461 1 2 4 2 -0.1102 -1.3352 5.0000 -0.1814 2.1359 8.0000
118 3 3 1 2 1 2 1 8 12.91489 7.110375 2 1 4 3 0.9090 0.2084 2.0000 1.8400 -1.4319 5.0000
84 2 2 2 1 1 2 5 6 31.43477 28.8191 3 4 4 4 -1.1431 -0.6987 5.0000 -0.1493 -0.5147 2.0000
11 1 2 2 3 1 1 6 1 31.96037 35.04305 4 3 2 2 -0.0987 -0.4262 5.0000 1.7550 1.2308 8.0000
1 1 1 1 2 1 1 2 5 25.05961 22.51791 1 3 4 4 0.0597 0.1645 2.0000 -0.4041 -0.1675 5.0000
137 1 2 2 3 2 2 3 5 10.11318 38.50286 2 4 3 3 -0.0768 0.4306 5.0000 -1.6775 -1.3345 8.0000
149 1 3 3 3 2 2 3 8 1.14209 31.31704 1 1 3 2 -0.0140 0.6998 8.0000 3.6246 -0.8824 8.0000
158 2 3 1 3 2 2 7 4 10.02942 26.59237 3 2 1 1 0.0933 -0.5277 2.0000 -3.5396 1.1780 8.0000
116 3 2 3 3 1 2 6 5 37.05319 30.63615 2 3 1 4 -0.5158 -3.6946 8.0000 -1.8444 -1.0923 8.0000
76 2 1 2 2 1 2 3 4 24.62552 7.35201 1 3 2 1 -0.5583 1.2179 5.0000 -0.3464 0.2672 5.0000
64 1 3 1 2 1 2 3 5 31.22778 34.84052 2 3 1 2 -0.0907 0.1496 2.0000 -1.9136 -1.3320 5.0000
89 2 2 3 3 1 2 1 4 25.82544 16.28188 2 3 1 2 1.9295 0.9338 8.0000 -1.8799 1.0300 8.0000
70 1 3 3 2 1 2 8 1 41.84931 44.91503 3 1 2 1 0.6989 -0.0385 8.0000 1.6511 1.6462 5.0000
154 2 2 2 3 2 2 1 4 16.13908 4.10613 4 2 3 2 1.2869 0.3724 5.0000 -1.6204 1.4033 8.0000
90 2 3 1 1 1 2 1 6 25.74227 24.06293 2 2 4 3 0.4827 0.2328 2.0000 -0.3333 -0.8710 2.0000
101 3 1 1 3 1 2 6 8 9.545456 25.40385 1 3 4 2 -0.5410 -0.7597 2.0000 0.6594 -0.2347 8.0000
103 3 1 2 2 1 2 6 1 29.15402 42.44601 4 2 1 4 -0.6366 -2.2429 5.0000 0.3228 0.2952 5.0000
134 1 2 1 3 2 2 3 3 12.02141 37.10561 3 1 4 2 -0.0364 0.1711 2.0000 -1.2932 1.7096 8.0000
112 3 2 2 2 1 2 6 7 32.08723 1.958871 4 2 1 1 -0.5210 -2.2726 5.0000 0.0458 -1.3390 5.0000
51 1 1 3 1 1 2 7 3 43.69705 36.08715 3 3 1 4 0.4835 -0.5060 8.0000 -0.1031 0.1414 2.0000
131 1 1 3 3 2 2 2 7 17.99009 23.54584 3 1 3 1 0.3179 0.6236 8.0000 0.2796 -0.6416 8.0000
21 1 3 3 1 1 1 6 7 21.17386 26.5808 1 4 1 3 -0.2827 -0.6403 8.0000 0.4173 -0.8340 2.0000
50 1 1 2 3 1 2 2 6 42.70752 32.41293 4 4 1 3 0.0175 0.4371 5.0000 -0.1525 -0.6831 8.0000
168 3 3 2 2 2 2 5 2 11.64907 17.10299 2 1 3 1 -2.2835 -0.4708 5.0000 1.0909 2.0606 5.0000
130 1 1 2 3 2 2 3 8 40.99039 25.71596 3 3 1 4 -0.2869 0.3302 5.0000 0.6606 -0.2311 8.0000
48 1 1 2 1 1 2 8 2 10.72315 33.27965 3 4 3 1 0.3615 -0.2464 5.0000 0.0355 0.1713 2.0000
109 3 2 1 2 1 2 4 1 43.47297 26.34705 3 3 4 1 -0.9323 0.0249 2.0000 1.2006 0.5946 5.0000
68 1 3 2 3 1 2 1 5 7.460156 40.66975 2 2 4 2 0.4337 0.0568 5.0000 -2.8295 -2.4311 8.0000
92 2 3 1 3 1 2 1 1 33.13363 35.73438 2 3 2 1 0.4488 0.2929 2.0000 3.0281 2.1787 8.0000
8 1 2 1 3 1 1 8 5 18.44477 32.23312 2 1 1 3 0.1565 -0.0782 2.0000 -1.8132 -1.1433 8.0000
44 3 3 3 3 1 1 4 7 21.60963 42.60082 1 3 1 2 -3.4239 1.4810 8.0000 2.5251 -2.7459 8.0000
106 3 1 3 2 1 2 6 1 44.17137 20.34668 1 2 3 4 -0.0539 -3.7301 8.0000 0.4101 0.1521 5.0000
74 2 1 1 3 1 2 4 1 20.26945 9.732105 4 3 4 2 -0.4867 0.2242 2.0000 0.6898 0.1183 8.0000
3 1 1 2 2 1 1 8 4 21.13337 37.18519 2 4 2 2 0.4000 -0.1770 5.0000 -0.4334 0.0595 5.0000
25 2 2 1 2 1 1 8 2 25.95008 21.1193 1 2 3 1 0.5065 -0.1749 2.0000 0.5424 1.2251 5.0000
100 3 1 1 2 1 2 6 8 29.85788 24.4324 1 2 1 2 -0.2436 -0.9002 2.0000 0.4096 -0.1537 5.0000
