44 3 3 3 3 1 1 8 1 17.18389 33.73672 3 3 4 3 3.2994 -1.7408 8.0000 3.1022 2.0718 8.0000
94 2 3 2 2 1 2 1 7 37.18603 11.5138 4 4 4 2 1.0673 0.8097 5.0000 0.4654 -2.2846 5.0000
83 2 2 1 3 1 2 8 6 40.24113 33.61425 4 3 2 4 0.5341 -0.0445 2.0000 -0.4232 -2.1014 8.0000
29 2 2 3 3 1 1 5 8 5.25522 11.63227 3 3 4 2 -2.1346 -0.1963 8.0000 1.7902 -1.1790 8.0000
104 3 1 2 3 1 2 2 4 24.11297 4.833056 2 1 4 1 0.8313 2.1783 5.0000 -0.5348 0.4515 8.0000
8 1 2 1 3 1 1 3 3 37.96594 37.19074 4 3 4 3 -0.1076 0.1379 2.0000 -1.2957 1.7076 8.0000
107 3 1 3 3 1 2 7 6 32.21348 4.010063 2 3 2 1 1.9886 -3.1562 8.0000 -0.4591 -0.5283 8.0000
35 2 3 2 3 1 1 7 7 2.476929 16.2823 1 4 2 4 0.0579 -1.3385 5.0000 1.0459 -3.5808 8.0000
11 1 2 2 3 1 1 7 7 15.27564 26.70383 1 2 1 1 0.1153 -0.4220 5.0000 0.9633 -1.9150 8.0000
18 1 3 2 1 1 1 4 8 11.6113 39.67265 1 3 1 1 -0.3652 0.2407 5.0000 0.9286 -0.0866 2.0000
2 1 1 1 3 1 1 7 5 16.96259 36.9808 1 3 4 1 0.0510 -0.1674 2.0000 -0.5591 -0.4210 8.0000
45 1 1 1 1 1 2 5 7 22.88164 18.94639 1 2 2 2 -0.1612 -0.0680 2.0000 0.0568 -0.1655 2.0000
161 2 3 2 3 2 2 2 2 39.87756 14.66492 2 1 3 4 0.1196 1.3344 5.0000 1.8841 3.2197 8.0000
46 1 1 1 2 1 2 4 8 11.81007 0.6833142 2 1 3 3 -0.1464 0.0958 2.0000 0.3130 -0.3056 5.0000
109 3 2 1 2 1 2 1 3 29.63419 10.78359 3 2 4 2 0.8106 0.4611 2.0000 -0.2507 1.3161 5.0000
92 2 3 1 3 1 2 2 8 18.94972 0.4616994 3 3 2 4 0.2353 0.4815 2.0000 2.6590 -2.6165 8.0000
139 1 2 3 2 2 2 1 2 21.51023 27.31888 1 2 3 3 0.6512 0.2566 8.0000 0.4069 1.2765 5.0000
121 3 3 2 2 1 2 8 7 18.23437 7.959573 3 3 2 1 2.0817 -1.0500 5.0000 0.3229 -2.3091 5.0000
63 1 3 1 1 1 2 3 7 2.311453 35.75865 4 2 3 2 -0.0071 0.1748 2.0000 0.5450 -0.7568 2.0000
159 2 3 2 1 2 2 3 3 39.80921 44.04478 3 2 4 1 -0.8577 1.0292 5.0000 -0.6484 0.6704 2.0000
120 3 3 2 1 1 2 6 8 41.99747 13.78356 1 2 3 2 -0.1221 -2.3283 5.0000 0.7976 -0.4833 2.0000
105 3 1 3 1 1 2 8 5 19.47304 27.70983 4 1 1 1 3.3663 -1.6076 8.0000 -0.1549 -0.0814 2.0000
43 3 3 2 3 1 1 5 4 34.62051 8.491322 4 3 2 3 -1.9187 -1.3246 5.0000 -2.9984 2.2194 8.0000
21 1 3 3 1 1 1 3 8 28.07726 15.72593 3 2 3 1 -0.3294 0.6175 8.0000 0.8135 -0.4560 2.0000
156 2 3 1 1 2 2 1 7 3.52946 32.03733 4 4 4 4 0.5349 0.0330 2.0000 0.4947 -0.7906 2.0000
6 1 2 1 1 1 1 7 1 43.34941 28.24681 1 1 3 4 0.1201 -0.1272 2.0000 0.4721 0.2536 2.0000
165 3 3 1 1 2 2 2 6 22.28759 41.2007 3 4 2 4 0.3601 0.8603 2.0000 -0.0618 -0.9306 2.0000
116 3 2 3 3 1 2 6 8 35.34324 4.696054 2 3 1 4 -0.6258 -3.6776 8.0000 1.6348 -1.3866 8.0000
82 2 2 1 2 1 2 8 3 11.62945 43.44322 2 1 2 4 0.4475 -0.2948 2.0000 -0.9213 0.9727 5.0000
142 1 3 1 2 2 2 4 8 4.308781 33.62553 3 1 2 3 -0.1327 0.1141 2.0000 2.2857 -0.4598 5.0000
163 2 3 3 2 2 2 3 1 36.99044 2.699466 2 2 2 2 -1.2898 1.7122 8.0000 2.3290 0.1098 5.0000
125 3 3 3 3 1 2 2 2 44.69299 25.5599 1 4 4 4 0.0200 3.7304 8.0000 1.2416 3.5178 8.0000
99 3 1 1 1 1 2 7 3 8.988216 35.4282 1 3 1 1 0.1457 -0.9212 2.0000 -0.1014 0.1426 2.0000
103 3 1 2 2 1 2 2 7 29.61968 12.53655 1 2 4 4 0.6184 2.2480 5.0000 0.0950 -0.4270 5.0000
1 1 1 1 2 1 1 6 8 38.60004 25.20268 3 4 2 2 -0.0195 -0.1739 2.0000 0.4116 -0.1482 5.0000
5 1 1 3 3 1 1 3 6 4.354148 30.23108 2 4 2 3 -0.0531 0.6979 8.0000 -0.1784 -0.6768 8.0000
34 2 3 2 2 1 1 8 3 37.25645 38.00132 4 1 3 2 1.3275 -0.1805 5.0000 -1.4355 1.8372 5.0000
27 2 2 2 2 1 1 1 3 5.522368 16.70143 3 2 3 2 1.3335 0.1289 5.0000 -0.3850 1.2832 5.0000
20 1 3 2 3 1 1 1 2 39.15955 17.15611 1 4 1 4 0.3392 0.2762 5.0000 1.7424 3.2986 8.0000
128 1 1 1 3 2 2 5 8 11.52893 15.44038 2 2 1 4 -0.1714 -0.0350 2.0000 0.6088 -0.3453 8.0000
118 3 3 1 2 1 2 5 2 43.21363 14.42744 4 4 2 4 -0.6797 -0.6386 2.0000 1.1859 2.0074 5.0000
141 1 3 1 1 2 2 6 1 42.45763 25.08494 4 2 2 3 -0.0078 -0.1748 2.0000 0.8447 0.3954 2.0000
127 1 1 1 2 2 2 6 2 0.1783723 19.83193 3 4 1 4 -0.1233 -0.1241 2.0000 0.1860 0.3959 5.0000
136 1 2 2 2 2 2 1 6 21.75764 40.47408 4 4 3 1 0.4063 0.1622 5.0000 -0.1057 -1.3356 5.0000
71 1 3 3 3 1 2 8 1 6.493569 13.1076 3 3 1 4 0.5477 -0.4358 8.0000 3.6333 0.8460 8.0000
55 1 2 1 2 1 2 1 4 41.1219 4.321167 2 2 1 3 0.1318 0.1151 2.0000 -1.0160 0.8733 5.0000
66 1 3 2 1 1 2 3 7 6.176258 36.54253 2 1 4 3 -0.0471 0.4349 5.0000 0.5553 -0.7493 2.0000
67 1 3 2 2 1 2 3 6 11.13908 19.71721 2 4 1 3 -0.0845 0.4292 5.0000 -0.9958 -2.1082 5.0000
93 2 3 2 1 1 2 3 3 18.97829 38.68537 1 2 2 4 -0.4357 1.2669 5.0000 -0.5829 0.7280 2.0000
22 1 3 3 2 1 1 6 1 8.086898 41.40305 3 3 4 2 -0.4204 -0.5596 8.0000 1.7488 1.5420 5.0000
48 1 1 2 1 1 2 6 3 22.52532 8.642673 3 3 4 3 -0.1672 -0.4042 5.0000 -0.0263 0.1730 2.0000
25 2 2 1 2 1 1 7 2 9.521622 7.340906 3 2 4 1 0.0886 -0.5285 2.0000 0.8185 1.0606 5.0000
77 2 1 2 3 1 2 1 1 42.24159 13.03114 3 2 4 1 0.9918 0.9007 5.0000 0.6819 0.1578 8.0000
14 1 2 3 3 1 1 4 8 22.14427 44.27981 3 3 4 2 -0.6450 0.2719 8.0000 2.1434 -0.0269 8.0000
137 1 2 2 3 2 2 4 4 3.637075 10.43123 2 1 3 3 -0.3283 0.2891 5.0000 -1.7651 1.2163 8.0000
135 1 2 2 1 2 2 8 3 13.6328 25.76349 4 1 1 2 0.3735 -0.2277 5.0000 -0.2329 0.4826 2.0000
102 3 1 2 1 1 2 1 2 44.14418 10.83782 4 3 4 3 1.6731 1.6238 5.0000 0.0983 0.1448 2.0000
162 2 3 3 1 2 2 4 3 39.06847 25.04943 1 3 1 2 -2.1321 0.2215 8.0000 -0.3949 0.8449 2.0000
87 2 2 3 1 1 2 5 2 25.31767 20.23753 1 1 1 3 -1.9377 -0.9167 8.0000 0.2245 0.4866 2.0000
62 1 2 3 3 1 2 4 5 33.4626 9.816317 1 4 1 1 -0.6858 0.1400 8.0000 -2.1122 -0.3655 8.0000
13 1 2 3 2 1 1 6 3 39.6975 38.15135 2 2 4 1 -0.0647 -0.6969 8.0000 -0.8276 1.0536 5.0000
170 3 3 3 3 2 2 6 5 13.97327 11.09915 3 3 4 2 -1.9228 -3.1967 8.0000 -3.6607 -0.7181 8.0000
148 1 3 3 2 2 2 7 6 19.17 21.09589 1 2 2 2 0.2298 -0.6611 8.0000 -0.9448 -2.1316 5.0000
86 2 2 2 3 1 2 1 3 10.0213 11.59631 4 4 2 1 1.3193 0.2331 5.0000 -0.4309 2.0998 8.0000
75 2 1 2 1 1 2 3 2 11.87756 38.91801 4 2 3 2 -0.2757 1.3111 5.0000 0.0185 0.1740 2.0000
147 1 3 3 1 2 2 3 8 13.93938 12.43506 2 2 1 3 -0.1686 0.6793 8.0000 0.7860 -0.5020 2.0000
3 1 1 2 2 1 1 4 6 12.09377 4.10879 2 3 2 2 -0.3673 0.2376 5.0000 -0.2864 -0.3307 5.0000
111 3 2 2 1 1 2 7 3 31.19254 17.17452 4 1 4 3 1.2075 -1.9945 5.0000 -0.1582 0.5120 2.0000
65 1 3 1 3 1 2 5 7 32.89988 30.40125 3 4 4 2 -0.1469 -0.0950 2.0000 1.8878 -3.2175 8.0000
123 3 3 3 1 1 2 4 6 1.697543 44.10327 4 1 3 1 -2.7148 2.5585 8.0000 -0.0146 -0.9325 2.0000
76 2 1 2 2 1 2 3 2 20.89292 43.8771 1 3 4 3 -0.4778 1.2517 5.0000 0.0086 0.4374 5.0000
91 2 3 1 2 1 2 8 6 32.85664 41.03732 2 2 1 3 0.5239 -0.1127 2.0000 -0.1611 -2.3260 5.0000
52 1 1 3 2 1 2 1 3 5.674256 25.78377 1 4 4 4 0.6965 0.0692 8.0000 -0.1903 0.3939 5.0000
133 1 2 1 2 2 2 7 3 39.37108 32.76207 1 1 3 3 0.1110 -0.1353 2.0000 -0.7250 1.1266 5.0000
23 1 3 3 3 1 1 6 6 14.73274 17.88945 4 4 3 3 -0.3528 -0.6045 8.0000 -1.7000 -3.3206 8.0000
160 2 3 2 2 2 2 4 1 17.64287 26.60547 3 1 4 1 -1.1899 0.6157 5.0000 2.0847 1.0442 5.0000
12 1 2 3 1 1 1 7 6 34.71236 34.4653 2 4 1 3 0.3986 -0.5753 8.0000 -0.0980 -0.5269 2.0000
115 3 2 3 2 1 2 6 6 39.45311 39.59835 1 4 2 3 -0.3606 -3.7130 8.0000 -0.1261 -1.3338 5.0000
53 1 1 3 3 1 2 6 2 5.106121 38.96534 1 2 2 2 -0.4489 -0.5370 8.0000 0.0736 0.6960 8.0000
154 2 2 2 3 2 2 8 3 28.71114 40.85347 1 4 2 3 1.2860 -0.3758 5.0000 -1.4022 1.6214 8.0000
37 2 3 3 2 1 1 6 1 34.67661 12.86949 4 1 3 1 -0.3841 -2.1089 8.0000 2.2730 0.5193 5.0000
152 2 2 1 3 2 2 5 8 12.36375 41.68527 1 3 3 1 -0.5235 -0.1147 2.0000 2.1400 -0.1239 8.0000
4 1 1 2 3 1 1 5 3 29.77316 13.31811 3 4 3 1 -0.3797 -0.2172 5.0000 -0.1612 0.6811 8.0000
41 3 3 1 3 1 1 8 6 29.77835 12.69817 2 2 1 4 0.8999 -0.2449 2.0000 -1.9935 -3.1532 8.0000
122 3 3 2 3 1 2 1 5 5.575497 10.42996 1 4 3 4 2.3205 0.2265 5.0000 -3.6688 -0.6753 8.0000
126 1 1 1 1 2 2 8 5 43.89101 26.80205 1 2 1 2 0.1749 -0.0034 2.0000 -0.1562 -0.0789 2.0000
31 2 3 1 2 1 1 6 3 5.231638 2.039605 4 4 2 4 -0.3428 -0.4119 2.0000 -0.0830 2.3301 5.0000
58 1 2 2 2 1 2 2 2 15.18542 42.39979 4 1 2 1 0.2175 0.3795 5.0000 0.0608 1.3384 5.0000
79 2 1 3 2 1 2 1 5 39.98132 17.45954 4 4 3 1 1.6425 1.3773 8.0000 -0.4173 -0.1312 5.0000
150 2 2 1 1 2 2 1 3 13.43534 40.15351 2 4 4 3 0.5212 0.1245 2.0000 -0.3456 0.4096 2.0000
144 1 3 2 1 2 2 4 7 17.41997 19.27477 2 3 4 1 -0.3877 0.2025 5.0000 0.3079 -0.8803 2.0000
132 1 2 1 1 2 2 2 5 33.14573 36.41565 3 1 2 3 0.0359 0.1712 2.0000 -0.4313 -0.3181 2.0000
40 3 3 1 2 1 1 8 1 22.42943 25.69783 4 1 1 4 0.8612 -0.3580 2.0000 2.1009 1.0110 5.0000
138 1 2 3 1 2 2 8 7 27.44962 7.312415 4 2 4 2 0.6673 -0.2111 8.0000 0.0682 -0.5315 2.0000
10 1 2 2 2 1 1 1 3 12.26031 0.574556 4 3 3 2 0.4275 0.0929 5.0000 -0.0134 1.3397 5.0000
36 2 3 3 1 1 1 5 4 20.13006 33.80377 2 3 2 1 -2.0127 -0.7377 8.0000 -0.9149 0.1811 2.0000
169 3 3 2 3 2 2 1 3 35.57364 41.77588 2 1 1 3 1.8964 1.3564 5.0000 -2.4853 2.7820 8.0000
129 1 1 2 2 2 2 7 3 1.810389 43.20425 4 3 1 3 0.0138 -0.4372 5.0000 -0.2995 0.3189 5.0000
143 1 3 1 3 2 2 6 3 44.82741 10.10315 1 4 2 2 -0.0005 -0.1750 2.0000 -0.6544 3.6726 8.0000
130 1 1 2 3 2 2 3 8 6.216641 26.19358 1 2 1 4 -0.0474 0.4349 5.0000 0.6625 -0.2256 8.0000
9 1 2 2 1 1 1 6 3 13.92102 29.90572 3 4 1 3 -0.2258 -0.3747 5.0000 -0.2672 0.4645 2.0000
81 2 2 1 1 1 2 7 5 23.55749 9.283576 1 4 3 3 0.2142 -0.4912 2.0000 -0.5289 -0.0865 2.0000
97 2 3 3 2 1 2 5 3 41.14458 41.55447 3 1 1 4 -1.6142 -1.4104 8.0000 -1.5466 1.7447 5.0000
19 1 3 2 2 1 1 4 7 7.396658 30.28178 1 1 3 4 -0.3466 0.2669 5.0000 1.1757 -2.0134 5.0000
68 1 3 2 3 1 2 6 5 29.11566 1.901219 4 3 2 2 -0.1197 -0.4207 5.0000 -3.7284 -0.1238 8.0000
72 2 1 1 1 1 2 6 3 25.87334 21.25745 2 4 2 3 -0.1756 -0.5063 2.0000 -0.0634 0.1631 2.0000
0 1 1 1 1 1 1 3 5 6.379409 34.75208 4 4 3 2 -0.0194 0.1739 2.0000 -0.1438 -0.0997 2.0000
90 2 3 1 1 1 2 3 1 16.094 11.76405 3 4 3 3 -0.1486 0.5149 2.0000 0.9130 0.1901 2.0000
117 3 3 1 1 1 2 7 1 16.97743 23.22102 3 1 4 1 0.2723 -0.8920 2.0000 0.8571 0.3677 2.0000
64 1 3 1 2 1 2 5 1 42.00589 41.0655 4 1 3 3 -0.1300 -0.1171 2.0000 1.7579 1.5316 5.0000
158 2 3 1 3 2 2 6 3 2.182143 18.61138 3 2 3 1 -0.3642 -0.3931 2.0000 -1.1906 3.5354 8.0000
61 1 2 3 2 1 2 4 6 26.67525 22.16751 3 3 2 1 -0.6644 0.2201 8.0000 -0.5199 -1.2348 5.0000
146 1 3 2 3 2 2 3 5 30.39971 37.6791 4 1 2 3 -0.2214 0.3773 5.0000 -2.9525 -2.2802 8.0000
50 1 1 2 3 1 2 1 4 2.715753 34.19019 1 4 3 1 0.4370 0.0207 5.0000 -0.6875 0.1313 8.0000
89 2 2 3 3 1 2 1 2 10.35247 40.52946 3 4 2 3 2.1087 0.3852 8.0000 0.1671 2.1371 8.0000
56 1 2 1 3 1 2 5 3 5.140824 23.70028 3 4 1 2 -0.1743 -0.0157 2.0000 -0.8616 1.9628 8.0000
24 2 2 1 1 1 1 7 8 18.8822 22.99306 1 1 2 2 0.1734 -0.5071 2.0000 0.4969 -0.2008 2.0000
124 3 3 3 2 1 2 5 1 2.029848 15.92458 2 1 3 2 -3.7281 -0.1321 8.0000 2.2421 0.6397 5.0000
33 2 3 2 1 1 1 6 2 39.33153 21.82777 2 4 4 4 -0.1323 -1.3332 5.0000 0.3670 0.8574 2.0000
151 2 2 1 2 2 2 3 2 16.07633 9.504011 3 2 2 2 -0.1484 0.5149 2.0000 0.7779 1.0908 5.0000
49 1 1 2 2 1 2 3 1 39.99349 34.2461 4 4 2 2 -0.2811 0.3351 5.0000 0.3616 0.2462 5.0000
80 2 1 3 3 1 2 5 3 8.224742 34.09855 4 2 2 3 -2.1215 -0.3067 8.0000 -0.3924 0.5796 8.0000
101 3 1 1 3 1 2 3 2 36.54633 14.45171 4 3 3 2 -0.5553 0.7492 2.0000 0.3557 0.6028 8.0000
108 3 2 1 1 1 2 2 6 41.09093 15.91489 2 4 1 4 0.0636 0.9304 2.0000 -0.2605 -0.4683 2.0000
164 2 3 3 3 2 2 8 5 7.464947 34.00378 2 3 2 3 1.6998 -1.3060 8.0000 -3.0926 -2.0863 8.0000
114 3 2 3 1 1 2 1 2 35.66014 7.189715 1 3 1 3 3.0310 2.1748 8.0000 0.3285 0.4234 2.0000
26 2 2 1 3 1 1 4 7 18.24325 42.86939 1 2 2 4 -0.4785 0.2413 2.0000 1.4584 -1.5711 8.0000
28 2 2 2 3 1 1 5 8 11.1805 6.672521 3 4 1 4 -1.3143 -0.2598 5.0000 1.6816 -1.3294 8.0000
47 1 1 1 3 1 2 1 4 21.16931 34.09843 2 1 3 3 0.1632 0.0632 2.0000 -0.6873 0.1324 8.0000
15 1 3 1 1 1 1 5 4 39.92328 15.70717 4 2 4 3 -0.1342 -0.1123 2.0000 -0.8134 0.4563 2.0000
167 3 3 1 3 2 2 1 6 8.084977 21.87072 3 4 1 3 0.9233 0.1312 2.0000 -1.4654 -3.4306 8.0000
149 1 3 3 3 2 2 2 6 12.573 28.84656 1 4 3 4 0.3753 0.5908 8.0000 -1.0379 -3.5832 8.0000
57 1 2 2 1 1 2 5 6 5.279515 37.08823 4 1 4 3 -0.4356 -0.0403 5.0000 -0.0738 -0.5308 2.0000
32 2 3 1 3 1 1 4 4 40.73914 7.650384 1 4 3 1 -0.5344 0.0398 2.0000 -2.9655 2.2632 8.0000
100 3 1 1 2 1 2 5 1 39.65459 42.50687 2 3 3 1 -0.7180 -0.5952 2.0000 0.3225 0.2956 5.0000
110 3 2 1 3 1 2 2 1 22.00616 11.19481 2 4 2 2 0.3643 0.8585 2.0000 2.1028 0.4162 8.0000
134 1 2 1 3 2 2 8 2 19.89454 5.739058 4 2 4 2 0.1584 -0.0742 2.0000 1.3566 1.6597 8.0000
119 3 3 1 3 1 2 2 6 12.24956 38.04271 3 4 2 2 0.5045 0.7844 2.0000 -0.4519 -3.7030 8.0000
113 3 2 2 3 1 2 2 4 32.01242 25.96364 1 4 1 3 0.5240 2.2719 5.0000 -2.0264 0.6992 8.0000
42 3 3 2 2 1 1 2 7 32.2354 16.30714 3 1 1 3 0.5151 2.2739 5.0000 0.6547 -2.2377 5.0000
60 1 2 3 1 1 2 1 3 21.88069 39.23053 4 2 2 4 0.6495 0.2608 8.0000 -0.3389 0.4151 2.0000
73 2 1 1 2 1 2 4 2 25.51116 16.30568 3 4 4 1 -0.5052 0.1788 2.0000 0.2100 0.3837 5.0000
166 3 3 1 2 2 2 3 5 8.511588 4.060339 3 1 2 1 -0.1380 0.9223 2.0000 -2.3257 -0.1651 5.0000
39 3 3 1 1 1 1 7 6 37.44837 31.44341 3 2 4 4 0.5671 -0.7404 2.0000 -0.2186 -0.9066 2.0000
96 2 3 3 1 1 2 2 4 8.265618 39.28895 2 2 4 2 1.2821 1.7179 8.0000 -0.9280 0.0928 2.0000
106 3 1 3 2 1 2 2 2 36.13607 15.16217 1 3 2 2 0.5748 3.6859 8.0000 0.2176 0.3795 5.0000
51 1 1 3 1 1 2 3 7 15.02034 6.582742 3 3 2 3 -0.1814 0.6760 8.0000 0.0201 -0.1738 2.0000
168 3 3 2 2 2 2 7 1 6.008266 23.60858 4 2 1 1 0.2440 -2.3187 5.0000 2.1364 0.9337 5.0000
112 3 2 2 2 1 2 4 2 37.2411 35.32419 1 2 2 3 -2.3102 0.3148 5.0000 0.2252 1.3207 5.0000
157 2 3 1 2 2 2 1 2 26.1882 14.59639 2 3 2 2 0.4809 0.2365 2.0000 1.1800 2.0109 5.0000
16 1 3 1 2 1 1 4 2 6.096076 0.9914786 2 3 4 4 -0.1362 0.1099 2.0000 1.6199 1.6769 5.0000
95 2 3 2 3 1 2 1 5 40.29848 38.69002 4 4 2 3 1.0218 0.8665 5.0000 -2.9118 -2.3319 8.0000
69 1 3 3 1 1 2 2 5 41.8026 2.539103 2 1 4 1 0.0390 0.6988 8.0000 -0.9317 -0.0413 2.0000
98 2 3 3 3 1 2 3 1 8.458947 12.20027 4 2 3 2 -0.3153 2.1203 8.0000 3.6462 0.7884 8.0000
155 2 2 3 3 2 2 4 1 12.31946 2.115592 3 1 3 3 -1.8043 1.1574 8.0000 2.1421 0.0791 8.0000
85 2 2 2 2 1 2 3 8 10.91479 15.50375 4 2 4 4 -0.2537 1.3155 5.0000 1.1661 -0.6596 5.0000
131 1 1 3 3 2 2 6 3 19.87098 13.20061 3 3 2 1 -0.2972 -0.6337 8.0000 -0.1598 0.6814 8.0000
145 1 3 2 2 2 2 1 5 41.08989 8.513906 3 2 1 1 0.3297 0.2875 5.0000 -2.3058 -0.3452 5.0000
153 2 2 2 2 2 2 1 7 5.633101 28.32111 4 3 2 2 1.3333 0.1315 5.0000 0.6356 -1.1794 5.0000
78 2 1 3 1 1 2 8 7 9.353491 22.9503 2 2 3 2 1.7419 -1.2493 8.0000 0.0682 -0.1611 2.0000
30 2 3 1 1 1 1 1 5 23.53519 41.51443 4 4 2 4 0.4913 0.2140 2.0000 -0.6983 -0.6181 2.0000
7 1 2 1 2 1 1 4 1 32.86999 13.66215 3 1 4 2 -0.1711 0.0368 2.0000 1.3018 0.3164 5.0000
54 1 2 1 1 1 2 2 4 20.86112 4.711252 4 2 3 1 0.0716 0.1597 2.0000 -0.4088 0.3465 2.0000
140 1 2 3 3 2 2 4 8 0.1007384 10.31182 3 1 2 1 -0.4958 0.4940 8.0000 1.7626 -1.2199 8.0000
70 1 3 3 2 1 2 1 1 30.35652 33.78631 3 3 4 3 0.6039 0.3537 8.0000 1.9378 1.2966 5.0000
74 2 1 1 3 1 2 5 8 23.26894 11.8258 2 3 3 4 -0.4923 -0.2117 2.0000 0.5858 -0.3830 8.0000
17 1 3 1 3 1 1 4 3 1.515518 16.46082 4 2 4 2 -0.1270 0.1204 2.0000 -1.0571 3.5776 8.0000
59 1 2 2 3 1 2 4 7 18.68501 33.28003 1 2 3 1 -0.3921 0.1939 5.0000 1.1763 -1.7920 8.0000
84 2 2 2 1 1 2 3 2 21.36218 27.41386 1 4 2 1 -0.4880 1.2477 5.0000 0.1619 0.5109 2.0000
38 2 3 3 3 1 1 4 2 26.11669 18.90067 1 1 2 4 -2.0282 0.6938 8.0000 1.6411 3.3501 8.0000
88 2 2 3 2 1 2 1 8 21.15624 37.56478 3 1 3 4 1.9991 0.7736 8.0000 1.3285 -0.1734 5.0000
