131 1 1 3 3 2 2 8 5 39.42524 12.07544 4 1 3 3 0.6966 -0.0680 8.0000 -0.6844 -0.1464 8.0000
110 3 2 1 3 1 2 8 5 22.42651 14.20745 3 4 3 4 0.8612 -0.3580 2.0000 -2.0780 -0.5261 8.0000
9 1 2 2 1 1 1 1 1 13.12337 42.57934 2 2 4 2 0.4260 0.0993 5.0000 0.3946 0.3626 2.0000
72 2 1 1 1 1 2 4 3 18.77091 31.82474 4 1 2 3 -0.4807 0.2368 2.0000 -0.0923 0.1487 2.0000
141 1 3 1 1 2 2 5 1 26.55014 17.32641 3 4 1 3 -0.1565 -0.0782 2.0000 0.8903 0.2777 2.0000
118 3 3 1 2 1 2 3 6 20.95316 11.64918 4 2 3 2 -0.3335 0.8709 2.0000 -1.2818 -1.9476 5.0000
79 2 1 3 2 1 2 2 5 25.61713 2.39187 2 2 1 4 0.7114 2.0221 8.0000 -0.4371 -0.0183 5.0000
30 2 3 1 1 1 1 1 6 11.74546 26.63679 2 3 4 3 0.5247 0.1091 2.0000 -0.2938 -0.8851 2.0000
124 3 3 3 2 1 2 5 7 22.95554 18.82854 4 3 3 1 -3.4350 -1.4549 8.0000 0.7525 -2.2068 5.0000
48 1 1 2 1 1 2 8 6 41.60124 35.63558 3 4 1 1 0.4367 -0.0259 5.0000 -0.0285 -0.1726 2.0000
147 1 3 3 1 2 2 8 6 38.64427 14.72841 2 3 4 4 0.6956 -0.0775 8.0000 -0.4701 -0.8054 2.0000
119 3 3 1 3 1 2 1 8 21.76898 10.55076 2 3 2 2 0.8661 0.3459 2.0000 3.0762 -2.1102 8.0000
155 2 2 3 3 2 2 2 3 14.43448 15.74854 3 1 2 3 1.0901 1.8457 8.0000 -0.5818 2.0631 8.0000
68 1 3 2 3 1 2 6 4 34.12486 8.244816 2 2 3 3 -0.0825 -0.4296 5.0000 -2.9888 2.2323 8.0000
91 2 3 1 2 1 2 1 3 8.620947 4.066374 2 1 3 4 0.5298 0.0803 2.0000 -0.1653 2.3257 5.0000
90 2 3 1 1 1 2 3 5 25.26651 22.03978 3 1 2 2 -0.2287 0.4846 2.0000 -0.8645 -0.3500 2.0000
37 2 3 3 2 1 1 5 4 10.78843 39.47766 1 1 4 3 -2.1057 -0.4012 8.0000 -2.3207 0.2244 5.0000
104 3 1 2 3 1 2 2 2 0.6869191 9.228162 1 4 2 3 1.6288 1.6683 5.0000 0.4091 0.5679 8.0000
35 2 3 2 3 1 1 8 7 25.45793 32.16591 3 3 3 2 1.2626 -0.4481 5.0000 1.9860 -3.1579 8.0000
103 3 1 2 2 1 2 6 1 33.93991 32.87993 1 3 1 2 -0.4473 -2.2882 5.0000 0.3674 0.2375 5.0000
135 1 2 2 1 2 2 7 2 36.15172 17.56594 3 4 4 4 0.2581 -0.3532 5.0000 0.2469 0.4756 2.0000
106 3 1 3 2 1 2 4 2 26.4723 23.7943 3 4 3 1 -3.5371 1.1854 8.0000 0.1582 0.4078 5.0000
137 1 2 2 3 2 2 8 7 43.69418 32.71495 4 2 2 3 0.4373 -0.0100 5.0000 1.1585 -1.8036 8.0000
102 3 1 2 1 1 2 5 3 19.99798 44.15395 4 1 2 4 -2.1910 -0.7974 5.0000 -0.1219 0.1255 2.0000
144 1 3 2 1 2 2 6 1 39.64413 41.01859 1 3 2 4 -0.0408 -0.4355 5.0000 0.7037 0.6121 2.0000
51 1 1 3 1 1 2 3 7 3.257022 12.42373 3 3 3 2 -0.0398 0.6988 8.0000 0.0376 -0.1709 2.0000
170 3 3 3 3 2 2 8 1 26.25853 3.92898 1 4 1 4 3.5327 -1.1986 8.0000 3.7217 0.2556 8.0000
10 1 2 2 2 1 1 4 8 32.55669 14.445 3 4 3 4 -0.4272 0.0943 5.0000 1.1537 -0.6811 5.0000
80 2 1 3 3 1 2 1 8 26.46772 25.78945 3 1 3 2 1.9189 0.9554 8.0000 0.6609 -0.2303 8.0000
38 2 3 3 3 1 1 4 6 35.00347 13.01583 4 4 2 2 -2.1111 0.3721 8.0000 -1.9760 -3.1642 8.0000
136 1 2 2 2 2 2 3 7 1.116309 13.30976 4 3 2 2 -0.0085 0.4374 5.0000 0.3084 -1.3038 5.0000
64 1 3 1 2 1 2 7 2 19.83293 26.33909 1 3 3 4 0.0594 -0.1646 2.0000 0.7460 2.2090 5.0000
32 2 3 1 3 1 1 5 6 16.15478 39.7872 1 3 4 3 -0.5147 -0.1491 2.0000 -0.3389 -3.7150 8.0000
126 1 1 1 1 2 2 6 3 14.4119 36.89844 2 1 4 4 -0.0890 -0.1506 2.0000 -0.1051 0.1399 2.0000
63 1 3 1 1 1 2 6 4 35.37366 18.20157 3 2 1 1 -0.0293 -0.1725 2.0000 -0.8325 0.4205 2.0000
41 3 3 1 3 1 1 3 2 33.87597 19.60743 2 2 2 3 -0.5198 0.7743 2.0000 1.5997 3.3701 8.0000
11 1 2 2 3 1 1 2 4 19.56934 31.21568 3 3 2 1 0.1878 0.3951 5.0000 -2.0819 0.5107 8.0000
85 2 2 2 2 1 2 5 7 9.865567 17.77656 1 2 3 1 -1.3199 -0.2295 5.0000 0.4090 -1.2758 5.0000
116 3 2 3 3 1 2 8 7 6.882945 29.65705 1 1 4 1 2.9349 -2.3027 8.0000 1.0607 -1.8628 8.0000
3 1 1 2 2 1 1 5 7 25.23737 26.38209 4 1 1 4 -0.3957 -0.1865 5.0000 0.1944 -0.3919 5.0000
108 3 2 1 1 1 2 7 4 12.43233 44.92524 2 2 4 1 0.2008 -0.9107 2.0000 -0.5359 0.0007 2.0000
127 1 1 1 2 2 2 6 2 34.72357 4.079259 4 4 4 4 -0.0312 -0.1722 2.0000 0.2865 0.3305 5.0000
132 1 2 1 1 2 2 4 5 23.71579 1.735561 1 1 2 3 -0.1630 0.0635 2.0000 -0.5357 -0.0162 2.0000
130 1 1 2 3 2 2 3 7 6.484932 38.82524 3 1 2 1 -0.0494 0.4346 5.0000 0.4388 -0.5453 8.0000
76 2 1 2 2 1 2 5 4 23.81304 20.1382 2 2 4 1 -1.2257 -0.5409 5.0000 -0.3969 0.1839 5.0000
111 3 2 2 1 1 2 5 3 1.722032 34.92464 2 4 3 1 -2.3305 -0.0701 5.0000 -0.3068 0.4394 2.0000
28 2 2 2 3 1 1 2 4 4.327009 18.39069 1 3 2 3 0.8732 1.0161 5.0000 -1.9165 0.9601 8.0000
163 2 3 3 2 2 2 5 7 25.70775 7.654681 4 4 3 4 -1.9314 -0.9298 8.0000 0.3106 -2.3108 5.0000
25 2 2 1 2 1 1 3 7 28.10735 34.88639 1 3 3 1 -0.2525 0.4727 2.0000 0.7663 -1.0990 5.0000
49 1 1 2 2 1 2 8 6 19.37926 6.97737 1 2 3 1 0.3944 -0.1892 5.0000 -0.2695 -0.3446 5.0000
36 2 3 3 1 1 1 2 4 23.54218 10.11288 3 3 1 2 0.7842 1.9950 8.0000 -0.7650 0.5334 2.0000
1 1 1 1 2 1 1 5 2 10.07744 11.81183 3 4 3 1 -0.1723 -0.0306 2.0000 0.2395 0.3661 5.0000
115 3 2 3 2 1 2 8 7 28.40867 34.22864 3 2 4 1 3.5751 -1.0652 8.0000 0.7536 -1.1077 5.0000
114 3 2 3 1 1 2 2 3 28.63489 43.26152 3 4 3 1 1.0511 3.5793 8.0000 -0.3673 0.3903 2.0000
95 2 3 2 3 1 2 8 2 44.82322 2.844526 3 4 2 4 1.3397 -0.0041 5.0000 2.5037 2.7655 8.0000
78 2 1 3 1 1 2 6 6 20.04061 43.80119 1 3 2 3 -0.9045 -1.9434 8.0000 -0.0037 -0.1749 2.0000
12 1 2 3 1 1 1 1 5 3.45211 28.4199 2 2 3 2 0.6986 0.0421 8.0000 -0.4713 -0.2551 2.0000
53 1 1 3 3 1 2 3 6 28.04189 13.03476 4 1 4 3 -0.3290 0.6177 8.0000 -0.3705 -0.5938 8.0000
125 3 3 3 3 1 2 8 3 23.73182 30.3657 2 2 2 1 3.4764 -1.3532 8.0000 -1.8858 3.2187 8.0000
43 3 3 2 3 1 1 3 1 7.264248 0.714063 3 2 4 2 -0.2948 2.3128 5.0000 3.7302 0.0465 8.0000
7 1 2 1 2 1 1 2 5 24.08917 39.52906 2 3 2 1 0.0625 0.1635 2.0000 -1.0333 -0.8527 5.0000
18 1 3 2 1 1 1 1 5 4.305986 18.92033 4 2 2 4 0.4362 0.0328 5.0000 -0.8822 -0.3024 2.0000
146 1 3 2 3 2 2 1 2 6.017879 23.09019 2 2 4 1 0.4350 0.0459 5.0000 1.3920 3.4610 8.0000
42 3 3 2 2 1 1 4 5 34.94595 9.824904 1 4 4 2 -2.2957 0.4070 5.0000 -2.2973 -0.3978 5.0000
29 2 2 3 3 1 1 5 7 39.50401 29.61601 3 2 1 4 -1.6540 -1.3636 8.0000 1.0593 -1.8635 8.0000
129 1 1 2 2 2 2 3 7 24.8171 3.595099 4 2 4 1 -0.1836 0.3970 5.0000 0.0274 -0.4366 5.0000
60 1 2 3 1 1 2 8 1 42.91228 11.91596 4 4 1 1 0.6994 -0.0255 8.0000 0.5244 0.1107 2.0000
15 1 3 1 1 1 1 6 6 3.326202 41.49899 3 1 2 3 -0.1163 -0.1307 2.0000 -0.0570 -0.9309 2.0000
82 2 2 1 2 1 2 8 2 11.27178 34.64405 2 4 3 2 0.4457 -0.2976 2.0000 0.2408 1.3179 5.0000
57 1 2 2 1 1 2 8 2 4.674264 10.22633 2 1 3 1 0.3335 -0.2831 5.0000 0.3056 0.4402 2.0000
157 2 3 1 2 2 2 5 7 34.39056 33.85592 3 2 2 4 -0.4422 -0.3027 2.0000 1.2989 -1.9362 5.0000
149 1 3 3 3 2 2 4 6 42.72206 34.34036 4 3 2 1 -0.6994 0.0278 8.0000 -0.6900 -3.6661 8.0000
168 3 3 2 2 2 2 6 4 35.98027 7.552242 1 3 3 3 -0.3655 -2.3027 5.0000 -1.8510 1.4177 5.0000
70 1 3 3 2 1 2 1 1 39.32599 33.05487 4 4 1 2 0.5414 0.4436 8.0000 1.9542 1.2717 5.0000
44 3 3 3 3 1 1 3 3 11.6087 44.57463 4 3 4 4 -0.7507 3.6542 8.0000 -2.6182 2.6573 8.0000
84 2 2 2 1 1 2 5 1 29.93759 44.87519 2 2 1 3 -1.1610 -0.6686 5.0000 0.3798 0.3781 2.0000
158 2 3 1 3 2 2 7 1 0.8315438 35.10856 4 3 2 2 0.0078 -0.5358 2.0000 3.0518 2.1455 8.0000
16 1 3 1 2 1 1 5 4 37.81001 16.89006 1 1 3 1 -0.1382 -0.1073 2.0000 -2.0565 1.0985 5.0000
17 1 3 1 3 1 1 4 7 26.67623 18.90563 4 3 3 2 -0.1661 0.0550 2.0000 1.2087 -3.5292 8.0000
105 3 1 3 1 1 2 7 6 3.603312 13.95735 3 2 3 1 0.2345 -3.7231 8.0000 -0.0902 -0.1499 2.0000
162 2 3 3 1 2 2 1 1 13.27387 26.16446 4 1 1 1 2.0863 0.4922 8.0000 0.8371 0.4112 2.0000
86 2 2 2 3 1 2 7 4 20.96284 23.63856 4 1 3 3 0.4793 -1.2511 5.0000 -1.9963 0.7808 8.0000
154 2 2 2 3 2 2 5 4 44.02067 11.64622 2 1 4 2 -0.9634 -0.9310 5.0000 -1.7905 1.1786 8.0000
52 1 1 3 2 1 2 4 8 4.092214 6.476912 3 1 3 3 -0.5290 0.4583 8.0000 0.3422 -0.2725 5.0000
61 1 2 3 2 1 2 6 4 9.631362 0.2809614 1 3 2 2 -0.4051 -0.5707 8.0000 -0.9520 0.9427 5.0000
107 3 1 3 3 1 2 7 8 25.46962 22.89345 2 4 1 3 1.6042 -3.3679 8.0000 0.6485 -0.2634 8.0000
62 1 2 3 3 1 2 2 2 24.49191 6.663133 3 3 2 3 0.2452 0.6556 8.0000 1.3296 1.6814 8.0000
75 2 1 2 1 1 2 7 4 2.930866 42.59948 1 3 1 4 0.0685 -1.3380 5.0000 -0.1748 0.0073 2.0000
69 1 3 3 1 1 2 3 1 5.753553 19.48724 4 2 2 4 -0.0702 0.6964 8.0000 0.8792 0.3111 2.0000
67 1 3 2 2 1 2 1 7 22.12951 30.6949 1 2 2 1 0.4052 0.1648 5.0000 1.1902 -2.0049 5.0000
55 1 2 1 2 1 2 1 5 5.85288 42.15287 4 4 4 1 0.1741 0.0178 2.0000 -0.9932 -0.8991 5.0000
100 3 1 1 2 1 2 8 4 43.06199 14.59638 4 3 4 1 0.9321 -0.0315 2.0000 -0.3773 0.2214 5.0000
152 2 2 1 3 2 2 7 4 39.77564 5.108788 3 1 4 1 0.3429 -0.4119 2.0000 -1.6447 1.3748 8.0000
167 3 3 1 3 2 2 7 8 8.73419 19.94997 2 1 1 2 0.1416 -0.9218 2.0000 3.3796 -1.5795 8.0000
22 1 3 3 2 1 1 8 4 6.705855 12.72737 4 3 2 4 0.5493 -0.4337 8.0000 -1.9714 1.2449 5.0000
164 2 3 3 3 2 2 1 2 27.00713 8.130988 2 3 4 1 1.9098 0.9734 8.0000 2.2382 2.9844 8.0000
46 1 1 1 2 1 2 5 2 5.872729 13.78297 1 1 4 2 -0.1741 -0.0179 2.0000 0.2267 0.3741 5.0000
101 3 1 1 3 1 2 1 3 38.76632 39.25387 2 3 2 1 0.7272 0.5840 2.0000 -0.4429 0.5420 8.0000
112 3 2 2 2 1 2 3 8 8.876712 24.16262 2 3 2 3 -0.3598 2.3036 5.0000 1.2521 -0.4766 5.0000
145 1 3 2 2 2 2 1 4 5.444133 9.919291 3 3 1 2 0.4355 0.0415 5.0000 -1.9080 1.3400 5.0000
160 2 3 2 2 2 2 8 1 44.08049 26.26565 1 2 4 3 1.3396 -0.0215 5.0000 2.0908 1.0318 5.0000
89 2 2 3 3 1 2 6 7 35.76985 24.93309 1 4 1 3 -0.3438 -2.1158 8.0000 0.9037 -1.9438 8.0000
73 2 1 1 2 1 2 3 3 11.50403 35.71295 1 4 1 2 -0.1069 0.5251 2.0000 -0.2553 0.3552 5.0000
142 1 3 1 2 2 2 5 6 25.94456 14.38438 3 3 3 1 -0.1573 -0.0766 2.0000 -1.1874 -2.0065 5.0000
113 3 2 2 3 1 2 1 4 31.96835 31.62241 2 1 4 1 1.9779 1.2344 5.0000 -2.0854 0.4960 8.0000
23 1 3 3 3 1 1 7 4 37.96817 30.61375 3 1 3 1 0.4306 -0.5518 8.0000 -3.6135 0.9269 8.0000
139 1 2 3 2 2 2 2 1 6.575479 24.12375 2 2 2 1 0.4350 0.5483 8.0000 1.2227 0.5476 5.0000
71 1 3 3 3 1 2 7 1 28.01946 37.80075 4 3 4 3 0.3288 -0.6179 8.0000 2.9476 2.2865 8.0000
138 1 2 3 1 2 2 6 8 9.974803 18.63822 4 3 3 4 -0.4017 -0.5732 8.0000 0.4802 -0.2380 2.0000
8 1 2 1 3 1 1 2 6 35.20185 25.73225 1 2 1 3 0.0298 0.1724 2.0000 -0.7073 -2.0235 8.0000
65 1 3 1 3 1 2 2 7 44.4143 2.895139 2 2 1 4 0.0018 0.1750 2.0000 0.1884 -3.7257 8.0000
6 1 2 1 1 1 1 6 1 33.16916 2.978625 4 1 3 2 -0.0359 -0.1713 2.0000 0.5352 0.0278 2.0000
109 3 2 1 2 1 2 7 5 30.64837 25.58972 4 2 3 3 0.4754 -0.8023 2.0000 -1.2083 -0.5787 5.0000
59 1 2 2 3 1 2 3 7 20.3274 16.8934 4 4 4 3 -0.1520 0.4102 5.0000 0.6229 -2.0511 8.0000
56 1 2 1 3 1 2 7 4 11.24815 23.83051 1 2 1 1 0.0341 -0.1716 2.0000 -1.9989 0.7741 8.0000
150 2 2 1 1 2 2 4 1 29.54681 37.9813 4 2 4 3 -0.5165 0.1428 2.0000 0.4224 0.3298 2.0000
159 2 3 2 1 2 2 8 7 36.78731 7.361693 1 1 4 4 1.3260 -0.1914 5.0000 0.1195 -0.9249 2.0000
21 1 3 3 1 1 1 5 6 5.355524 22.09704 1 4 3 1 -0.6969 -0.0653 8.0000 -0.3629 -0.8591 2.0000
58 1 2 2 2 1 2 8 4 37.49741 5.30027 3 1 4 4 0.4337 -0.0571 5.0000 -1.0308 0.8558 5.0000
97 2 3 3 2 1 2 1 7 20.24964 29.23251 4 1 4 3 2.0111 0.7419 8.0000 1.1386 -2.0346 5.0000
166 3 3 1 2 2 2 8 7 18.35946 0.8082354 2 4 3 4 0.8336 -0.4182 2.0000 0.0329 -2.3313 5.0000
50 1 1 2 3 1 2 7 1 2.308502 36.79075 1 2 4 4 0.0176 -0.4371 5.0000 0.5605 0.4192 8.0000
120 3 3 2 1 1 2 7 6 29.43262 9.3568 4 4 4 2 1.1457 -2.0306 5.0000 -0.5435 -0.7579 2.0000
128 1 1 1 3 2 2 1 5 20.21429 27.93969 4 2 2 2 0.1642 0.0605 2.0000 -0.6183 -0.3279 8.0000
66 1 3 2 1 1 2 7 4 27.32533 20.69198 3 2 1 1 0.2008 -0.3886 5.0000 -0.8499 0.3839 2.0000
31 2 3 1 2 1 1 5 5 37.3702 28.29708 2 2 3 4 -0.4259 -0.3253 2.0000 -2.0529 -1.1053 5.0000
33 2 3 2 1 1 1 7 6 44.56197 33.36672 1 1 4 2 0.9401 -0.9546 5.0000 -0.1881 -0.9135 2.0000
123 3 3 3 1 1 2 4 1 18.48403 27.09854 1 3 2 1 -3.3381 1.6655 8.0000 0.8302 0.4248 2.0000
4 1 1 2 3 1 1 8 3 20.98347 10.95584 3 1 3 1 0.3996 -0.1780 5.0000 -0.1330 0.6872 8.0000
133 1 2 1 2 2 2 4 8 16.44354 31.4511 1 3 4 4 -0.1537 0.0836 2.0000 1.3025 -0.3139 5.0000
40 3 3 1 2 1 1 2 4 25.6192 1.156622 1 4 4 1 0.3095 0.8798 2.0000 -1.6816 1.6150 5.0000
47 1 1 1 3 1 2 6 1 6.608518 6.475105 1 3 4 3 -0.1087 -0.1371 2.0000 0.6954 0.0789 8.0000
122 3 3 2 3 1 2 4 7 36.28539 25.42494 4 3 2 2 -2.3046 0.3533 5.0000 1.6016 -3.3692 8.0000
45 1 1 1 1 1 2 4 7 12.59339 10.25504 1 3 3 1 -0.1477 0.0938 2.0000 0.0312 -0.1722 2.0000
83 2 2 1 3 1 2 6 1 29.31635 2.932851 4 1 4 3 -0.1449 -0.5159 2.0000 2.1408 0.1097 8.0000
165 3 3 1 1 2 2 8 1 6.975165 5.891751 1 4 4 1 0.7347 -0.5745 2.0000 0.9277 0.0957 2.0000
99 3 1 1 1 1 2 4 4 43.95144 34.33022 4 4 3 1 -0.9325 0.0171 2.0000 -0.1720 0.0324 2.0000
24 2 2 1 1 1 1 6 2 9.377389 6.189476 2 3 1 3 -0.3121 -0.4356 2.0000 0.3359 0.4176 2.0000
98 2 3 3 3 1 2 5 1 22.59699 25.05388 3 2 4 1 -1.9790 -0.8237 8.0000 3.3795 1.5797 8.0000
161 2 3 2 3 2 2 4 3 2.072269 9.358892 4 4 4 1 -0.9810 0.9125 5.0000 -0.6066 3.6808 8.0000
0 1 1 1 1 1 1 2 6 36.60212 28.83372 2 2 2 2 0.0256 0.1731 2.0000 -0.0487 -0.1681 2.0000
19 1 3 2 2 1 1 8 2 14.7948 12.91975 2 4 1 2 0.3781 -0.2201 5.0000 1.2383 1.9755 5.0000
26 2 2 1 3 1 1 3 1 17.10353 30.17402 2 4 3 2 -0.1576 0.5122 2.0000 1.8531 1.0774 8.0000
94 2 3 2 2 1 2 8 4 23.68345 18.20166 3 3 1 3 1.2481 -0.4870 5.0000 -2.0811 1.0512 5.0000
96 2 3 3 1 1 2 1 5 26.98726 11.6341 1 3 1 2 1.9102 0.9727 8.0000 -0.9135 -0.1881 2.0000
88 2 2 3 2 1 2 1 3 13.33352 5.37512 1 3 1 3 2.0858 0.4944 8.0000 -0.1255 1.3339 5.0000
39 3 3 1 1 1 1 5 6 24.78689 0.40923 3 1 2 3 -0.8467 -0.3910 2.0000 -0.6547 -0.6642 2.0000
2 1 1 1 3 1 1 8 5 22.49279 23.74445 1 3 1 4 0.1616 -0.0670 2.0000 -0.6407 -0.2818 8.0000
153 2 2 2 2 2 2 2 6 37.20508 7.484629 3 1 2 3 0.1817 1.3274 5.0000 -0.8159 -1.0627 5.0000
169 3 3 2 3 2 2 4 6 24.6364 35.49892 1 2 4 2 -2.1858 0.8113 5.0000 -0.6158 -3.6793 8.0000
92 2 3 1 3 1 2 5 1 11.09909 15.07471 3 1 2 1 -0.5259 -0.1032 2.0000 3.6021 0.9702 8.0000
14 1 2 3 3 1 1 1 3 37.30765 40.21135 2 4 2 4 0.5567 0.4242 8.0000 -1.3839 1.6370 8.0000
77 2 1 2 3 1 2 7 1 24.85222 40.79252 2 4 3 2 0.5631 -1.2157 5.0000 0.5299 0.4573 8.0000
87 2 2 3 1 1 2 3 1 21.41986 3.811703 4 3 3 3 -0.7828 1.9955 8.0000 0.5347 0.0356 2.0000
34 2 3 2 2 1 1 3 1 22.91019 1.080244 3 1 2 2 -0.5215 1.2341 5.0000 2.3311 0.0440 5.0000
20 1 3 2 3 1 1 7 2 13.70117 2.747859 3 4 4 2 0.1036 -0.4250 5.0000 2.5083 2.7613 8.0000
74 2 1 1 3 1 2 2 8 32.62709 12.60768 2 1 3 1 0.1148 0.5235 2.0000 0.5910 -0.3750 8.0000
13 1 2 3 2 1 1 5 2 14.7556 25.52287 2 2 1 1 -0.6768 -0.1783 8.0000 0.4467 1.2631 5.0000
143 1 3 1 3 2 2 2 5 34.38226 5.927913 2 4 3 1 0.0322 0.1720 2.0000 -3.7105 -0.3853 8.0000
140 1 2 3 3 2 2 8 8 29.80733 16.70645 1 3 3 1 0.6754 -0.1834 8.0000 1.8875 -1.0160 8.0000
81 2 2 1 1 1 2 3 1 27.61928 1.844947 4 3 2 1 -0.2484 0.4748 2.0000 0.5356 0.0173 2.0000
121 3 3 2 2 1 2 3 5 32.3667 38.12777 1 4 3 4 -1.2482 1.9693 5.0000 -1.8341 -1.4395 5.0000
117 3 3 1 1 1 2 7 2 41.82977 21.00139 2 1 3 4 0.6220 -0.6949 2.0000 0.3793 0.8520 2.0000
27 2 2 2 2 1 1 1 4 27.47403 4.073916 4 4 4 3 1.1887 0.6181 5.0000 -1.0123 0.8776 5.0000
54 1 2 1 1 1 2 1 5 2.947152 11.67418 2 3 4 3 0.1747 0.0090 2.0000 -0.5248 -0.1084 2.0000
151 2 2 1 2 2 2 3 6 11.12599 24.19231 2 1 2 1 -0.1034 0.5258 2.0000 -0.4759 -1.2524 5.0000
148 1 3 3 2 2 2 3 7 20.32574 41.98827 1 4 1 4 -0.2431 0.6563 8.0000 1.5597 -1.7330 5.0000
134 1 2 1 3 2 2 1 5 17.8056 30.5275 2 1 2 3 0.1666 0.0535 2.0000 -1.8465 -1.0888 8.0000
5 1 1 3 3 1 1 7 3 5.207734 25.24683 1 4 1 4 0.0635 -0.6970 8.0000 -0.2985 0.6331 8.0000
156 2 3 1 1 2 2 5 1 41.29846 13.9696 4 1 3 1 -0.4026 -0.3537 2.0000 0.9050 0.2251 2.0000
93 2 3 2 1 1 2 3 7 0.2818197 6.254536 4 2 4 1 -0.0066 1.3397 5.0000 0.1016 -0.9271 2.0000
